0.0	365.7089347812315	0.4153397
0.011609977324263039	365.7089347812315	0.6806513
0.023219954648526078	369.95826791680173	0.6872194
0.034829931972789115	369.95826791680173	0.5745415
0.046439909297052155	369.95826791680173	0.5718676
0.058049886621315196	369.95826791680173	0.6027902
0.06965986394557823	369.95826791680173	0.63587064
0.08126984126984127	369.95826791680173	0.66809833
0.09287981859410431	369.95826791680173	0.71523154
0.10448979591836735	369.95826791680173	0.778455
0.11609977324263039	369.95826791680173	0.8215711
0.12770975056689343	369.95826791680173	0.83810544
0.13931972789115646	369.95826791680173	0.8462407
0.1509297052154195	369.95826791680173	0.8444297
0.16253968253968254	369.95826791680173	0.8412213
0.17414965986394557	369.95826791680173	0.84289914
0.18575963718820862	369.95826791680173	0.82638407
0.19736961451247165	369.95826791680173	0.8108493
0.2089795918367347	369.95826791680173	0.8097753
0.22058956916099773	369.95826791680173	0.8205083
0.23219954648526078	369.95826791680173	0.82447153
0.2438095238095238	369.95826791680173	0.8201292
0.25541950113378686	369.95826791680173	0.8026478
0.26702947845804986	369.95826791680173	0.77966404
0.2786394557823129	369.95826791680173	0.7766199
0.29024943310657597	369.95826791680173	0.767795
0.301859410430839	369.95826791680173	0.7547647
0.313469387755102	369.95826791680173	0.75260884
0.3250793650793651	369.95826791680173	0.76101077
0.33668934240362813	369.95826791680173	0.77735156
0.34829931972789113	369.95826791680173	0.795754
0.3599092970521542	369.95826791680173	0.8173974
0.37151927437641724	369.95826791680173	0.83725965
0.3831292517006803	369.95826791680173	0.84908617
0.3947392290249433	369.95826791680173	0.8537885
0.40634920634920635	369.95826791680173	0.85258895
0.4179591836734694	369.95826791680173	0.8456118
0.4295691609977324	369.95826791680173	0.8343724
0.44117913832199546	369.95826791680173	0.8227723
0.4527891156462585	369.95826791680173	0.8118902
0.46439909297052157	369.95826791680173	0.79843843
0.47600907029478456	369.95826791680173	0.78709996
0.4876190476190476	369.95826791680173	0.7779326
0.4992290249433107	369.95826791680173	0.750892
0.5108390022675737	369.95826791680173	0.6946643
0.5224489795918368	369.95826791680173	0.60421324
0.5340589569160997	369.95826791680173	0.48887113
0.5456689342403628	369.95826791680173	0.3955611
0.5572789115646258	369.95826791680173	0.3549549
0.5688888888888889	369.95826791680173	0.36004308
0.5804988662131519	369.95826791680173	0.3969346
0.592108843537415	369.95826791680173	0.44855303
0.603718820861678	369.95826791680173	0.5082854
0.615328798185941	369.95826791680173	0.5683232
0.626938775510204	369.95826791680173	0.62028086
0.6385487528344671	369.95826791680173	0.6731052
0.6501587301587302	369.95826791680173	0.72717196
0.6617687074829932	369.95826791680173	0.759648
0.6733786848072563	369.95826791680173	0.77174866
0.6849886621315193	369.95826791680173	0.77317613
0.6965986394557823	369.95826791680173	0.7805119
0.7082086167800453	369.95826791680173	0.81126523
0.7198185941043084	369.95826791680173	0.85605425
0.7314285714285714	369.95826791680173	0.88383126
0.7430385487528345	369.95826791680173	0.8894956
0.7546485260770975	369.95826791680173	0.88551104
0.7662585034013606	369.95826791680173	0.88180846
0.7778684807256235	369.95826791680173	0.8770128
0.7894784580498866	369.95826791680173	0.87033904
0.8010884353741496	369.95826791680173	0.8616449
0.8126984126984127	369.95826791680173	0.84087014
0.8243083900226758	369.95826791680173	0.8212376
0.8359183673469388	369.95826791680173	0.83644015
0.8475283446712019	369.95826791680173	0.859048
0.8591383219954648	369.95826791680173	0.8723418
0.8707482993197279	369.95826791680173	0.88802433
0.8823582766439909	369.95826791680173	0.90349805
0.893968253968254	369.95826791680173	0.91170377
0.905578231292517	369.95826791680173	0.90947664
0.9171882086167801	369.95826791680173	0.90281886
0.9287981859410431	369.95826791680173	0.902744
0.9404081632653061	369.95826791680173	0.9097044
0.9520181405895691	369.95826791680173	0.9200088
0.9636281179138322	369.95826791680173	0.9291951
0.9752380952380952	369.95826791680173	0.93469995
0.9868480725623583	369.95826791680173	0.935885
0.9984580498866213	369.95826791680173	0.93403494
1.0100680272108844	369.95826791680173	0.93315643
1.0216780045351475	369.95826791680173	0.9359805
1.0332879818594105	369.95826791680173	0.93963516
1.0448979591836736	369.95826791680173	0.94090134
1.0565079365079366	369.95826791680173	0.94037914
1.0681179138321995	369.95826791680173	0.9386817
1.0797278911564625	369.95826791680173	0.93573785
1.0913378684807256	369.95826791680173	0.93042845
1.1029478458049886	369.95826791680173	0.92149657
1.1145578231292517	369.95826791680173	0.90791863
1.1261678004535147	369.95826791680173	0.8941683
1.1377777777777778	369.95826791680173	0.89562535
1.1493877551020408	369.95826791680173	0.9126258
1.1609977324263039	369.95826791680173	0.9243208
1.172607709750567	369.95826791680173	0.9292328
1.18421768707483	369.95826791680173	0.93550605
1.195827664399093	369.95826791680173	0.94319546
1.207437641723356	369.95826791680173	0.94721556
1.2190476190476192	369.95826791680173	0.94538426
1.230657596371882	369.95826791680173	0.9417755
1.242267573696145	369.95826791680173	0.9420338
1.253877551020408	369.95826791680173	0.94701374
1.2654875283446712	369.95826791680173	0.95397395
1.2770975056689342	369.95826791680173	0.961891
1.2887074829931973	369.95826791680173	0.9681668
1.3003174603174603	369.95826791680173	0.972691
1.3119274376417234	369.95826791680173	0.97716844
1.3235374149659864	365.7089347812315	0.9765496
1.3351473922902495	365.7089347812315	0.9844728
1.3467573696145125	365.7089347812315	0.9822321
1.3583673469387756	365.7089347812315	0.96976525
1.3699773242630386	369.95826791680173	0.96472657
1.3815873015873017	369.95826791680173	0.95549667
1.3931972789115645	369.95826791680173	0.93955034
1.4048072562358276	369.95826791680173	0.91789657
1.4164172335600906	369.95826791680173	0.9050056
1.4280272108843537	369.95826791680173	0.91097564
1.4396371882086167	369.95826791680173	0.91237426
1.4512471655328798	369.95826791680173	0.9163335
1.4628571428571429	369.95826791680173	0.9347576
1.474467120181406	369.95826791680173	0.951318
1.486077097505669	365.7089347812315	0.9533078
1.497687074829932	365.7089347812315	0.9654628
1.509297052154195	365.7089347812315	0.9724515
1.5209070294784581	365.7089347812315	0.9631882
1.5325170068027212	369.95826791680173	0.963769
1.5441269841269842	369.95826791680173	0.9592418
1.555736961451247	374.2569759250636	0.95910573
1.5673469387755101	374.2569759250636	0.97479105
1.5789569160997732	374.2569759250636	0.9709616
1.5905668934240362	374.2569759250636	0.9659073
1.6021768707482993	374.2569759250636	0.9628588
1.6137868480725623	369.95826791680173	0.9787531
1.6253968253968254	365.7089347812315	0.98500466
1.6370068027210884	365.7089347812315	0.98635966
1.6486167800453515	365.7089347812315	0.98402643
1.6602267573696146	365.7089347812315	0.9757479
1.6718367346938776	369.95826791680173	0.9443318
1.6834467120181407	374.2569759250636	0.8963029
1.6950566893424037	374.2569759250636	0.88593936
1.7066666666666668	374.2569759250636	0.8553877
1.7182766439909296	374.2569759250636	0.87408465
1.7298866213151927	374.2569759250636	0.8695118
1.7414965986394557	369.95826791680173	0.896889
1.7531065759637188	369.95826791680173	0.86708975
1.7647165532879818	365.7089347812315	0.86999923
1.7763265306122449	365.7089347812315	0.83502406
1.787936507936508	365.7089347812315	0.7810568
1.799546485260771	369.95826791680173	0.70568615
1.811156462585034	369.95826791680173	0.6044147
1.822766439909297	369.95826791680173	0.61733633
1.8343764172335602	369.95826791680173	0.66316766
1.8459863945578232	369.95826791680173	0.6868173
1.8575963718820863	369.95826791680173	0.6630728
1.8692063492063493	369.95826791680173	0.5992077
1.8808163265306121	369.95826791680173	0.5072324
1.8924263038548752	369.95826791680173	0.3926992
1.9040362811791383	369.95826791680173	0.27733773
1.9156462585034013	369.95826791680173	0.19090709
1.9272562358276644	369.95826791680173	0.1398377
1.9388662131519274	369.95826791680173	0.10853433
1.9504761904761905	369.95826791680173	0.08306151
1.9620861678004535	369.95826791680173	0.05591915
1.9736961451247166	369.95826791680173	0.03479639
1.9853061224489796	415.264115194881	0.021436911
1.9969160997732427	415.264115194881	0.019500153
2.0085260770975055	415.264115194881	0.02425582
2.020136054421769	415.264115194881	0.036802884
2.0317460317460316	415.264115194881	0.052262
2.043356009070295	415.264115194881	0.060666583
2.0549659863945577	420.0892517909185	0.088288866
2.066575963718821	420.0892517909185	0.12564872
2.078185941043084	420.0892517909185	0.15974282
2.089795918367347	415.264115194881	0.19042562
2.10140589569161	415.264115194881	0.22510478
2.1130158730158732	415.264115194881	0.28085545
2.124625850340136	415.264115194881	0.3357103
2.136235827664399	415.264115194881	0.3941247
2.147845804988662	415.264115194881	0.43601233
2.159455782312925	415.264115194881	0.45349485
2.1710657596371883	415.264115194881	0.44718674
2.182675736961451	415.264115194881	0.42735305
2.1942857142857144	415.264115194881	0.40655285
2.2058956916099772	415.264115194881	0.38948283
2.2175056689342405	415.264115194881	0.37278032
2.2291156462585033	415.264115194881	0.34828204
2.2407256235827666	415.264115194881	0.30073422
2.2523356009070294	415.264115194881	0.23801918
2.2639455782312927	415.264115194881	0.18791929
2.2755555555555556	415.264115194881	0.15937588
2.2871655328798184	415.264115194881	0.14794724
2.2987755102040817	415.264115194881	0.15187062
2.3103854875283445	415.264115194881	0.16444354
2.3219954648526078	415.264115194881	0.19182011
2.3336054421768706	415.264115194881	0.20648853
2.345215419501134	415.264115194881	0.20673974
2.3568253968253967	93.5642439812659	0.21271034
2.36843537414966	93.5642439812659	0.20565072
2.380045351473923	415.264115194881	0.18968901
2.391655328798186	415.264115194881	0.18993695
2.403265306122449	415.264115194881	0.19142367
2.414875283446712	415.264115194881	0.20696849
2.426485260770975	415.264115194881	0.24495173
2.4380952380952383	415.264115194881	0.24542329
2.449705215419501	415.264115194881	0.23845848
2.461315192743764	415.264115194881	0.22248112
2.4729251700680273	493.83504039506204	0.22439794
2.48453514739229	493.83504039506204	0.22010301
2.4961451247165534	493.83504039506204	0.20119283
2.507755102040816	415.264115194881	0.16902053
2.5193650793650795	415.264115194881	0.15248983
2.5309750566893423	415.264115194881	0.12025498
2.5425850340136056	415.264115194881	0.079246536
2.5541950113378684	92.48956697920043	0.066721976
2.5658049886621317	92.48956697920043	0.07668775
2.5774149659863945	92.48956697920043	0.06476312
2.589024943310658	93.5642439812659	0.039873265
2.6006349206349206	207.6320575974405	0.043113556
2.6122448979591835	210.04462589545926	0.05599336
2.6238548752834467	212.48522688679125	0.041661393
2.6354648526077096	187.1284879625318	0.041107435
2.647074829931973	225.12025598311675	0.035474256
2.6586848072562357	225.12025598311675	0.04765002
2.670294784580499	225.12025598311675	0.05670533
2.681904761904762	225.12025598311675	0.059543334
2.693514739229025	207.6320575974405	0.06314917
2.705124716553288	207.6320575974405	0.045802377
2.716734693877551	415.264115194881	0.03861624
2.728344671201814	187.1284879625318	0.0528889
2.7399546485260773	184.97913395840087	0.092316836
2.75156462585034	184.97913395840087	0.12860176
2.7631746031746034	184.97913395840087	0.13696295
2.7747845804988662	184.97913395840087	0.12873851
2.786394557823129	184.97913395840087	0.12796319
2.7980045351473923	184.97913395840087	0.13092239
2.809614512471655	184.97913395840087	0.124196395
2.8212244897959184	182.85446739061575	0.114891686
2.8328344671201813	182.85446739061575	0.112693466
2.8444444444444446	182.85446739061575	0.110114
2.8560544217687074	182.85446739061575	0.09872453
2.8676643990929707	182.85446739061575	0.084316336
2.8792743764172335	182.85446739061575	0.078146055
2.8908843537414968	182.85446739061575	0.07182367
2.9024943310657596	182.85446739061575	0.068947025
2.914104308390023	182.85446739061575	0.06915384
2.9257142857142857	182.85446739061575	0.07182021
2.9373242630385485	180.75420469978513	0.07850684
2.948934240362812	182.85446739061575	0.08570196
2.9605442176870747	182.85446739061575	0.0883638
2.972154195011338	182.85446739061575	0.0813251
2.9837641723356008	420.0892517909185	0.06650838
2.995374149659864	420.0892517909185	0.06839514
3.006984126984127	187.1284879625318	0.062055066
3.01859410430839	187.1284879625318	0.07060326
3.030204081632653	184.97913395840087	0.08893505
3.0418140589569163	184.97913395840087	0.10276047
3.053424036281179	184.97913395840087	0.09487951
3.0650340136054424	415.264115194881	0.07741018
3.076643990929705	415.264115194881	0.09696201
3.0882539682539685	415.264115194881	0.12870122
3.0998639455782313	415.264115194881	0.16262296
3.111473922902494	415.264115194881	0.1470661
3.1230839002267574	415.264115194881	0.09650729
3.1346938775510202	415.264115194881	0.061236966
3.1463038548752835	415.264115194881	0.0505779
3.1579138321995464	415.264115194881	0.05099638
3.1695238095238096	415.264115194881	0.045685794
3.1811337868480725	420.0892517909185	0.035089087
3.1927437641723357	415.264115194881	0.027598472
3.2043537414965986	415.264115194881	0.023053067
3.215963718820862	387.45511967816526	0.11883704
3.2275736961451247	391.95713131094	0.36400026
3.239183673469388	405.779469695705	0.50351524
3.250793650793651	424.9704537735825	0.7470468
3.2624036281179136	439.95700446074346	0.9188967
3.274013605442177	455.4720547165321	0.9749714
3.2856235827664397	466.1182093310256	0.99103713
3.297233560090703	477.0132060136591	0.99408925
3.308843537414966	482.55583248416343	0.99047196
3.320453514739229	488.16286117205766	0.9825943
3.332063492063492	488.16286117205766	0.9655066
3.3436734693877552	488.16286117205766	0.9354175
3.355283446712018	488.16286117205766	0.90892994
3.3668934240362813	488.16286117205766	0.88424575
3.378503401360544	488.16286117205766	0.8565098
3.3901133786848074	488.16286117205766	0.83635277
3.4017233560090703	488.16286117205766	0.8109406
3.4133333333333336	493.83504039506204	0.72416687
3.4249433106575964	493.83504039506204	0.6831643
3.436553287981859	488.16286117205766	0.60787696
3.4481632653061225	488.16286117205766	0.31030777
3.4597732426303853	471.5342420379865	0.16731341
3.4713832199546486	466.1182093310256	0.18853669
3.4829931972789114	466.1182093310256	0.11613813
3.4946031746031747	488.16286117205766	0.09799575
3.5062131519274375	488.16286117205766	0.07604603
3.517823129251701	482.55583248416343	0.11621241
3.5294331065759637	482.55583248416343	0.40711647
3.541043083900227	477.0132060136591	0.80412924
3.5526530612244898	477.0132060136591	0.9270688
3.564263038548753	477.0132060136591	0.9221895
3.575873015873016	471.5342420379865	0.9353027
3.5874829931972787	471.5342420379865	0.9426535
3.599092970521542	466.1182093310256	0.91613156
3.610702947845805	466.1182093310256	0.9315794
3.622312925170068	466.1182093310256	0.9202573
3.633922902494331	466.1182093310256	0.9194435
3.645532879818594	466.1182093310256	0.9169973
3.657142857142857	466.1182093310256	0.8907603
3.6687528344671203	466.1182093310256	0.8565782
3.680362811791383	471.5342420379865	0.87827975
3.6919727891156464	471.5342420379865	0.90499896
3.7035827664399092	466.1182093310256	0.9266305
3.7151927437641725	466.1182093310256	0.9648295
3.7268027210884354	466.1182093310256	0.9834441
3.7384126984126986	460.764385065505	0.9856208
3.7500226757369615	460.764385065505	0.99046576
3.7616326530612243	455.4720547165321	0.97363675
3.7732426303854876	439.95700446074346	0.88469565
3.7848526077097504	429.90837259128557	0.6897283
3.7964625850340137	405.779469695705	0.5408869
3.8080725623582765	401.11869496556756	0.7078436
3.81968253968254	405.779469695705	0.64386886
3.8312925170068026	415.264115194881	0.78608227
3.842902494331066	424.9704537735825	0.8636851
3.8545124716553287	424.9704537735825	0.9345466
3.866122448979592	424.9704537735825	0.94289356
3.877732426303855	424.9704537735825	0.96128064
3.889342403628118	424.9704537735825	0.9627409
3.900952380952381	420.0892517909185	0.9748742
3.912562358276644	420.0892517909185	0.95948595
3.924172335600907	415.264115194881	0.9707765
3.93578231292517	415.264115194881	0.9579203
3.947392290249433	415.264115194881	0.9256825
3.959002267573696	415.264115194881	0.88379794
3.9706122448979593	415.264115194881	0.8662932
3.982222222222222	415.264115194881	0.8575631
3.9938321995464854	415.264115194881	0.8242841
4.005442176870749	415.264115194881	0.7993091
4.017052154195011	415.264115194881	0.8356159
4.028662131519274	415.264115194881	0.88332707
4.040272108843538	410.49440001958	0.87333155
4.051882086167801	401.11869496556756	0.8171319
4.063492063492063	391.95713131094	0.67412484
4.0751020408163265	387.45511967816526	0.22869541
4.08671201814059	353.2515459175985	0.112327754
4.098321995464852	293.63607183773195	0.101213634
4.1099319727891155	293.63607183773195	0.3865202
4.121541950113379	293.63607183773195	0.63170016
4.133151927437642	293.63607183773195	0.8031597
4.144761904761904	293.63607183773195	0.8959325
4.156371882086168	300.4994896672244	0.95568967
4.167981859410431	303.9911255481709	0.9712596
4.179591836734694	307.52333228379206	0.97258437
4.191201814058957	311.0965812847119	0.95521885
4.20281179138322	311.0965812847119	0.9399265
4.214421768707483	311.0965812847119	0.91195947
4.2260317460317465	311.0965812847119	0.9318555
4.237641723356009	307.52333228379206	0.96270996
4.249251700680272	307.52333228379206	0.9807365
4.260861678004535	307.52333228379206	0.9831165
4.272471655328798	307.52333228379206	0.98108864
4.284081632653061	307.52333228379206	0.9633114
4.295691609977324	311.0965812847119	0.9590564
4.307301587301588	311.0965812847119	0.9469915
4.31891156462585	311.0965812847119	0.93815535
4.330521541950113	311.0965812847119	0.921525
4.342131519274377	311.0965812847119	0.87712806
4.35374149659864	307.52333228379206	0.8543459
4.365351473922902	303.9911255481709	0.7869448
4.3769614512471655	300.4994896672244	0.6616604
4.388571428571429	293.63607183773195	0.57423675
4.400181405895691	293.63607183773195	0.27580935
4.4117913832199545	303.9911255481709	0.1508048
4.423401360544218	345.18326945818916	0.08948057
4.435011337868481	349.194105850881	0.25666353
4.446621315192743	357.3561311669499	0.6332748
4.458231292517007	365.7089347812315	0.7416472
4.46984126984127	374.2569759250636	0.8607631
4.481451247165533	374.2569759250636	0.829935
4.493061224489796	374.2569759250636	0.9101449
4.504671201814059	365.7089347812315	0.9690983
4.516281179138322	361.50840939957027	0.9843232
4.527891156462585	353.2515459175985	0.97131485
4.539501133786848	353.2515459175985	0.9752915
4.551111111111111	353.2515459175985	0.99056727
4.562721088435374	357.3561311669499	0.9949126
4.574331065759637	365.7089347812315	0.99383634
4.5859410430839	374.2569759250636	0.9905155
4.597551020408163	378.6056325144029	0.971658
4.609160997732427	378.6056325144029	0.93826175
4.620770975056689	374.2569759250636	0.95608985
4.632380952380952	365.7089347812315	0.97864574
4.6439909297052155	361.50840939957027	0.9830421
4.655600907029479	361.50840939957027	0.9694222
4.667210884353741	361.50840939957027	0.9808859
4.6788208616780045	365.7089347812315	0.9793306
4.690430839002268	369.95826791680173	0.9809157
4.702040816326531	374.2569759250636	0.9734084
4.713650793650793	374.2569759250636	0.9457587
4.725260770975057	374.2569759250636	0.9356285
4.73687074829932	369.95826791680173	0.955157
4.748480725623582	369.95826791680173	0.96769327
4.760090702947846	365.7089347812315	0.9748619
4.771700680272109	365.7089347812315	0.972866
4.783310657596372	365.7089347812315	0.9629353
4.794920634920635	369.95826791680173	0.9292405
4.806530612244898	369.95826791680173	0.92550105
4.818140589569161	369.95826791680173	0.92896974
4.829750566893424	369.95826791680173	0.9377061
4.841360544217687	369.95826791680173	0.9433144
4.85297052154195	369.95826791680173	0.94762653
4.864580498866213	369.95826791680173	0.91990566
4.876190476190477	369.95826791680173	0.8110135
4.887800453514739	369.95826791680173	0.72070116
4.899410430839002	369.95826791680173	0.60538536
4.911020408163266	365.7089347812315	0.4212614
4.922630385487528	311.0965812847119	0.22327626
4.934240362811791	314.71134943908174	0.3117669
4.9458503401360545	311.0965812847119	0.23353878
4.957460317460318	311.0965812847119	0.21070442
4.96907029478458	311.0965812847119	0.20842823
4.9806802721088435	311.0965812847119	0.2395517
4.992290249433107	311.0965812847119	0.25072014
5.00390022675737	311.0965812847119	0.19807905
5.015510204081632	311.0965812847119	0.09300826
5.027120181405896	290.2633738929482	0.16434026
5.038730158730159	290.2633738929482	0.46660656
5.050340136054421	297.0479586449415	0.5303027
5.061950113378685	307.52333228379206	0.60677063
5.073560090702948	314.71134943908174	0.8665898
5.085170068027211	314.71134943908174	0.88726705
5.0967800453514736	314.71134943908174	0.8717334
5.108390022675737	311.0965812847119	0.90427536
5.12	307.52333228379206	0.9119895
5.131609977324263	307.52333228379206	0.8982267
5.143219954648526	307.52333228379206	0.9265934
5.154829931972789	307.52333228379206	0.90832394
5.166439909297052	314.71134943908174	0.8437808
5.178049886621316	318.36811917622657	0.8585504
5.189659863945578	318.36811917622657	0.90892214
5.201269841269841	318.36811917622657	0.874625
5.2128798185941045	318.36811917622657	0.8794461
5.224489795918367	318.36811917622657	0.83962595
5.23609977324263	311.0965812847119	0.81035864
5.2477097505668935	307.52333228379206	0.87612903
5.259319727891157	307.52333228379206	0.94791675
5.270929705215419	307.52333228379206	0.9572724
5.282539682539682	307.52333228379206	0.96306765
5.294149659863946	307.52333228379206	0.962647
5.305759637188209	311.0965812847119	0.9409213
5.317369614512471	311.0965812847119	0.91485554
5.328979591836735	314.71134943908174	0.8735027
5.340589569160998	314.71134943908174	0.77078897
5.352199546485261	311.0965812847119	0.8006068
5.363809523809524	311.0965812847119	0.88131756
5.375419501133787	311.0965812847119	0.8924392
5.38702947845805	311.0965812847119	0.89387554
5.3986394557823125	311.0965812847119	0.8915743
5.410249433106576	311.0965812847119	0.89405894
5.421859410430839	311.0965812847119	0.89850074
5.433469387755102	311.0965812847119	0.8937398
5.445079365079365	311.0965812847119	0.89460033
5.456689342403628	311.0965812847119	0.90566117
5.468299319727891	307.52333228379206	0.9081089
5.479909297052155	307.52333228379206	0.88626444
5.491519274376417	303.9911255481709	0.7586098
5.50312925170068	297.0479586449415	0.53097874
5.5147392290249435	293.63607183773195	0.3198736
5.526349206349207	290.2633738929482	0.17618603
5.537959183673469	307.52333228379206	0.115556926
5.5495691609977325	307.52333228379206	0.15648119
5.561179138321996	307.52333228379206	0.19588137
5.572789115646258	307.52333228379206	0.13573892
5.584399092970521	307.52333228379206	0.090981744
5.596009070294785	307.52333228379206	0.037075963
5.607619047619048	277.15554548439167	0.014995909
5.61922902494331	273.972142529876	0.07210359
5.630839002267574	273.972142529876	0.355437
5.642448979591837	273.972142529876	0.7119687
5.6540589569161	273.972142529876	0.91087997
5.6656689342403626	273.972142529876	0.9670263
5.677278911564626	273.972142529876	0.9624101
5.688888888888889	277.15554548439167	0.95922625
5.7004988662131515	280.3759377994943	0.96635467
5.712108843537415	280.3759377994943	0.96146953
5.723718820861678	283.63374927085107	0.9605482
5.735328798185941	283.63374927085107	0.96380025
5.746938775510204	280.3759377994943	0.9761313
5.758548752834467	280.3759377994943	0.9838538
5.77015873015873	277.15554548439167	0.9857838
5.7817687074829935	277.15554548439167	0.98900604
5.793378684807256	273.972142529876	0.98928624
5.804988662131519	273.972142529876	0.9900221
5.8165986394557825	273.972142529876	0.982544
5.828208616780046	273.972142529876	0.9681898
5.839818594104308	277.15554548439167	0.93389165
5.851428571428571	277.15554548439167	0.92043984
5.863038548752835	277.15554548439167	0.9042496
5.874648526077097	280.3759377994943	0.9068979
5.88625850340136	280.3759377994943	0.9042646
5.897868480725624	280.3759377994943	0.8730265
5.909478458049887	280.3759377994943	0.77342397
5.921088435374149	277.15554548439167	0.55763614
5.932698412698413	273.972142529876	0.30708593
5.944308390022676	273.972142529876	0.13468339
5.955918367346939	261.6	0.113843754
5.9675283446712015	277.15554548439167	0.10179204
5.979138321995465	277.15554548439167	0.20204103
5.990748299319728	277.15554548439167	0.2977072
6.002358276643991	280.3759377994943	0.24640512
6.013968253968254	280.3759377994943	0.11263795
6.025578231292517	311.0965812847119	0.1278718
6.03718820861678	311.0965812847119	0.2058644
6.048798185941043	311.0965812847119	0.24621344
6.060408163265306	311.0965812847119	0.1801133
6.072018140589569	286.92941468811415	0.44018465
6.0836281179138325	286.92941468811415	0.71077704
6.095238095238095	283.63374927085107	0.8206043
6.106848072562358	280.3759377994943	0.87179774
6.1184580498866215	277.15554548439167	0.8943302
6.130068027210885	277.15554548439167	0.89455014
6.141678004535147	273.972142529876	0.8593724
6.15328798185941	273.972142529876	0.8834912
6.164897959183674	273.972142529876	0.88782424
6.176507936507937	273.972142529876	0.86811334
6.188117913832199	277.15554548439167	0.77013
6.199727891156463	277.15554548439167	0.7675423
6.211337868480726	277.15554548439167	0.7413408
6.222947845804988	277.15554548439167	0.70379627
6.2345578231292516	277.15554548439167	0.60094845
6.246167800453515	277.15554548439167	0.46423087
6.257777777777778	280.3759377994943	0.5068465
6.2693877551020405	280.3759377994943	0.68599963
6.280997732426304	280.3759377994943	0.8175435
6.292607709750567	280.3759377994943	0.84842664
6.30421768707483	280.3759377994943	0.85559946
6.315827664399093	280.3759377994943	0.8430316
6.327437641723356	277.15554548439167	0.8616454
6.339047619047619	277.15554548439167	0.8862446
6.350657596371882	277.15554548439167	0.89068806
6.362267573696145	277.15554548439167	0.8916371
6.373877551020408	277.15554548439167	0.88547784
6.3854875283446715	273.972142529876	0.8807975
6.397097505668934	273.972142529876	0.86818206
6.408707482993197	273.972142529876	0.84409964
6.42031746031746	273.972142529876	0.8467034
6.431927437641724	270.82530407690433	0.7590088
6.443537414965986	267.7146101463563	0.70948464
6.455147392290249	264.63964558298295	0.7773492
6.466757369614513	258.59526772431764	0.84153646
6.478367346938776	258.59526772431764	0.82927555
6.489977324263038	258.59526772431764	0.7457672
6.501587301587302	270.82530407690433	0.591383
6.513197278911565	280.3759377994943	0.84624445
6.524807256235827	286.92941468811415	0.9167136
6.5364172335600905	300.4994896672244	0.9287625
6.548027210884354	311.0965812847119	0.9613135
6.559637188208617	318.36811917622657	0.97325474
6.5712471655328795	329.59534665249885	0.9802215
6.582857142857143	341.2185014506716	0.98401326
6.594467120181406	349.194105850881	0.9891077
6.606077097505669	353.2515459175985	0.99269897
6.617687074829932	357.3561311669499	0.9907898
6.629297052154195	361.50840939957027	0.9871082
6.640907029478458	361.50840939957027	0.97050834
6.6525170068027215	365.7089347812315	0.97671115
6.664126984126984	365.7089347812315	0.97190326
6.675736961451247	365.7089347812315	0.94885266
6.6873469387755105	369.95826791680173	0.92433923
6.698956916099773	369.95826791680173	0.92005473
6.710566893424036	369.95826791680173	0.9119428
6.722176870748299	369.95826791680173	0.9068383
6.733786848072563	369.95826791680173	0.90864617
6.745396825396825	369.95826791680173	0.9135886
6.757006802721088	369.95826791680173	0.91061074
6.768616780045352	369.95826791680173	0.90169215
6.780226757369615	369.95826791680173	0.8983054
6.791836734693877	369.95826791680173	0.8979099
6.8034467120181406	369.95826791680173	0.8900237
6.815056689342404	369.95826791680173	0.87418014
6.826666666666667	369.95826791680173	0.8568159
6.8382766439909295	369.95826791680173	0.8443395
6.849886621315193	369.95826791680173	0.8538167
6.861496598639456	369.95826791680173	0.8756162
6.873106575963718	369.95826791680173	0.8875637
6.884716553287982	369.95826791680173	0.9050801
6.896326530612245	369.95826791680173	0.92659235
6.907936507936508	369.95826791680173	0.91751134
6.919546485260771	369.95826791680173	0.8163035
6.931156462585034	374.2569759250636	0.6563524
6.942766439909297	374.2569759250636	0.4867824
6.9543764172335605	369.95826791680173	0.2931183
6.965986394557823	365.7089347812315	0.18232065
6.977596371882086	365.7089347812315	0.11612426
6.989206349206349	629.4226988781635	0.13050976
7.000816326530612	629.4226988781635	0.14222474
7.012426303854875	629.4226988781635	0.15699872
7.024036281179138	629.4226988781635	0.19067362
7.035646258503402	629.4226988781635	0.24555941
7.047256235827664	629.4226988781635	0.24619997
7.058866213151927	622.1931625694237	0.22088386
7.070476190476191	629.4226988781635	0.14911318
7.082086167800454	622.1931625694237	0.06987084
7.093696145124716	123.45876009876552	0.028186496
7.1053061224489795	123.45876009876552	0.030123634
7.116916099773243	365.7089347812315	0.07898584
7.128526077097506	357.3561311669499	0.19740751
7.1401360544217685	357.3561311669499	0.6785137
7.151746031746032	361.50840939957027	0.8960044
7.163356009070295	365.7089347812315	0.945683
7.174965986394557	369.95826791680173	0.9577953
7.186575963718821	369.95826791680173	0.92664963
7.198185941043084	369.95826791680173	0.9236562
7.209795918367347	369.95826791680173	0.95664495
7.22140589569161	365.7089347812315	0.96634865
7.233015873015873	365.7089347812315	0.96940607
7.244625850340136	361.50840939957027	0.961308
7.2562358276643995	365.7089347812315	0.973977
7.267845804988662	365.7089347812315	0.9738787
7.279455782312925	369.95826791680173	0.9700974
7.291065759637188	369.95826791680173	0.9689829
7.302675736961452	374.2569759250636	0.9805228
7.314285714285714	374.2569759250636	0.97177535
7.325895691609977	374.2569759250636	0.96789783
7.337505668934241	374.2569759250636	0.961412
7.349115646258503	369.95826791680173	0.97650653
7.360725623582766	365.7089347812315	0.98316365
7.3723356009070296	365.7089347812315	0.97836614
7.383945578231293	361.50840939957027	0.978639
7.395555555555555	365.7089347812315	0.97611755
7.4071655328798185	365.7089347812315	0.9732314
7.418775510204082	369.95826791680173	0.9551902
7.430385487528345	369.95826791680173	0.96755666
7.441995464852607	374.2569759250636	0.9715128
7.453605442176871	374.2569759250636	0.9720079
7.465215419501134	374.2569759250636	0.9736902
7.476825396825397	374.2569759250636	0.9712135
7.48843537414966	374.2569759250636	0.9485633
7.500045351473923	369.95826791680173	0.96273154
7.511655328798186	365.7089347812315	0.97674596
7.523265306122449	365.7089347812315	0.9734244
7.534875283446712	365.7089347812315	0.9644292
7.546485260770975	365.7089347812315	0.9714575
7.558095238095238	369.95826791680173	0.9613736
7.569705215419501	369.95826791680173	0.98098993
7.581315192743764	374.2569759250636	0.9878363
7.592925170068027	374.2569759250636	0.9809075
7.604535147392291	374.2569759250636	0.98270965
7.616145124716553	374.2569759250636	0.98572415
7.627755102040816	369.95826791680173	0.9873978
7.63936507936508	365.7089347812315	0.9867578
7.650975056689342	361.50840939957027	0.9875332
7.662585034013605	357.3561311669499	0.9859859
7.6741950113378685	357.3561311669499	0.9830935
7.685804988662132	357.3561311669499	0.98814756
7.697414965986394	361.50840939957027	0.9854789
7.7090249433106575	369.95826791680173	0.9687155
7.720634920634921	374.2569759250636	0.97775227
7.732244897959184	378.6056325144029	0.9722803
7.743854875283446	378.6056325144029	0.94802064
7.75546485260771	378.6056325144029	0.9206216
7.767074829931973	374.2569759250636	0.8754558
7.778684807256236	369.95826791680173	0.85749745
7.790294784580499	365.7089347812315	0.88786405
7.801904761904762	365.7089347812315	0.8947701
7.813514739229025	369.95826791680173	0.90976435
7.825124716553288	369.95826791680173	0.90856814
7.836734693877551	374.2569759250636	0.8887803
7.848344671201814	374.2569759250636	0.86929923
7.859954648526077	374.2569759250636	0.8446378
7.87156462585034	374.2569759250636	0.8435052
7.883174603174603	369.95826791680173	0.83970195
7.894784580498866	369.95826791680173	0.8648014
7.90639455782313	365.7089347812315	0.87267077
7.918004535147392	365.7089347812315	0.85048383
7.929614512471655	361.50840939957027	0.81163013
7.9412244897959186	361.50840939957027	0.61675555
7.952834467120182	361.50840939957027	0.34005105
7.964444444444444	629.4226988781635	0.21658891
7.9760544217687075	629.4226988781635	0.17412138
7.987664399092971	629.4226988781635	0.16429055
7.999274376417233	629.4226988781635	0.18392278
8.010884353741497	629.4226988781635	0.19118318
8.02249433106576	629.4226988781635	0.22267048
8.034104308390022	629.4226988781635	0.30743742
8.045714285714286	629.4226988781635	0.3801019
8.057324263038549	629.4226988781635	0.42379758
8.068934240362811	629.4226988781635	0.40480796
8.080544217687075	629.4226988781635	0.41572058
8.092154195011338	629.4226988781635	0.43308955
8.103764172335602	629.4226988781635	0.4580632
8.115374149659864	629.4226988781635	0.4822335
8.126984126984127	629.4226988781635	0.5003485
8.13859410430839	629.4226988781635	0.49515957
8.150204081632653	629.4226988781635	0.45462608
8.161814058956915	629.4226988781635	0.39844707
8.17342403628118	629.4226988781635	0.34309548
8.185034013605442	622.1931625694237	0.3049175
8.196643990929704	622.1931625694237	0.29316595
8.208253968253969	622.1931625694237	0.26538122
8.219863945578231	622.1931625694237	0.24042498
8.231473922902495	622.1931625694237	0.22112538
8.243083900226758	622.1931625694237	0.19444305
8.25469387755102	629.4226988781635	0.16997571
8.266303854875284	629.4226988781635	0.13893884
8.277913832199546	629.4226988781635	0.106036484
8.289523809523809	629.4226988781635	0.077332504
8.301133786848073	629.4226988781635	0.05322937
8.312743764172335	622.1931625694237	0.04359734
8.324353741496598	622.1931625694237	0.049365196
8.335963718820862	622.1931625694237	0.0743742
8.347573696145124	629.4226988781635	0.11643945
8.359183673469389	629.4226988781635	0.15385006
8.370793650793651	629.4226988781635	0.17035443
8.382403628117913	629.4226988781635	0.16386753
8.394013605442177	629.4226988781635	0.1275013
8.40562358276644	622.1931625694237	0.08612283
8.417233560090702	622.1931625694237	0.057182893
8.428843537414966	629.4226988781635	0.04988457
8.440453514739229	629.4226988781635	0.056866255
8.452063492063493	629.4226988781635	0.07564858
8.463673469387755	629.4226988781635	0.107355766
8.475283446712018	629.4226988781635	0.14545178
8.486893424036282	629.4226988781635	0.1616583
8.498503401360544	629.4226988781635	0.14102888
8.510113378684807	629.4226988781635	0.103095815
8.52172335600907	629.4226988781635	0.07077417
8.533333333333333	622.1931625694237	0.050503675
8.544943310657596	222.53452930474387	0.059744827
8.55655328798186	225.12025598311675	0.0717964
8.568163265306122	225.12025598311675	0.03455052
8.579773242630386	622.1931625694237	0.017110145
8.591383219954649	210.04462589545926	0.0132146245
8.602993197278911	270.82530407690433	0.08416792
8.614603174603175	270.82530407690433	0.31470525
8.626213151927438	273.972142529876	0.6490951
8.6378231292517	277.15554548439167	0.8299503
8.649433106575964	280.3759377994943	0.9254839
8.661043083900227	283.63374927085107	0.96410197
8.672653061224489	286.92941468811415	0.95905286
8.684263038548753	290.2633738929482	0.93642443
8.695873015873016	293.63607183773195	0.9357056
8.70748299319728	297.0479586449415	0.9125572
8.719092970521542	297.0479586449415	0.90116376
8.730702947845804	300.4994896672244	0.89900315
8.742312925170069	300.4994896672244	0.92907643
8.753922902494331	303.9911255481709	0.9566551
8.765532879818593	307.52333228379206	0.96359855
8.777142857142858	311.0965812847119	0.9609961
8.78875283446712	311.0965812847119	0.94523317
8.800362811791382	314.71134943908174	0.93708366
8.811972789115647	314.71134943908174	0.9066025
8.823582766439909	311.0965812847119	0.9130231
8.835192743764173	311.0965812847119	0.865888
8.846802721088435	307.52333228379206	0.85378104
8.858412698412698	307.52333228379206	0.76882464
8.870022675736962	307.52333228379206	0.33752197
8.881632653061224	286.92941468811415	0.3077493
8.893242630385487	286.92941468811415	0.24536258
8.904852607709751	311.0965812847119	0.12670568
8.916462585034013	314.71134943908174	0.12614678
8.928072562358278	353.2515459175985	0.3280903
8.93968253968254	369.95826791680173	0.34563214
8.951292517006802	374.2569759250636	0.9311611
8.962902494331066	378.6056325144029	0.95359105
8.974512471655329	378.6056325144029	0.90364766
8.986122448979591	374.2569759250636	0.94275874
8.997732426303855	369.95826791680173	0.94667745
9.009342403628118	369.95826791680173	0.9693878
9.02095238095238	369.95826791680173	0.95936525
9.032562358276644	369.95826791680173	0.94548076
9.044172335600907	369.95826791680173	0.93290925
9.05578231292517	369.95826791680173	0.9295697
9.067392290249433	369.95826791680173	0.9304149
9.079002267573696	369.95826791680173	0.9000488
9.09061224489796	369.95826791680173	0.8751481
9.102222222222222	369.95826791680173	0.84236646
9.113832199546485	365.7089347812315	0.51649386
9.125442176870749	361.50840939957027	0.2731516
9.137052154195011	369.95826791680173	0.23325558
9.148662131519274	369.95826791680173	0.19247058
9.160272108843538	369.95826791680173	0.12950929
9.1718820861678	369.95826791680173	0.11379057
9.183492063492064	369.95826791680173	0.074811384
9.195102040816327	311.0965812847119	0.104293615
9.206712018140589	314.71134943908174	0.16224831
9.218321995464853	337.2992726877939	0.20197219
9.229931972789116	341.2185014506716	0.69394064
9.241541950113378	349.194105850881	0.9105517
9.253151927437642	353.2515459175985	0.97129714
9.264761904761905	361.50840939957027	0.99096805
9.276371882086167	374.2569759250636	0.98809785
9.287981859410431	383.00481805937557	0.9925876
9.299591836734693	391.95713131094	0.9872829
9.311201814058958	401.11869496556756	0.9833809
9.32281179138322	405.779469695705	0.9635778
9.334421768707482	410.49440001958	0.86283517
9.346031746031747	415.264115194881	0.5807138
9.357641723356009	415.264115194881	0.291012
9.369251700680271	415.264115194881	0.22333428
9.380861678004536	415.264115194881	0.31891727
9.392471655328798	415.264115194881	0.39467332
9.404081632653062	410.49440001958	0.52196044
9.415691609977324	410.49440001958	0.6619005
9.427301587301587	410.49440001958	0.6675924
9.438911564625851	410.49440001958	0.67595845
9.450521541950113	410.49440001958	0.69417334
9.462131519274376	410.49440001958	0.3951284
9.47374149659864	401.11869496556756	0.050748024
9.485351473922902	396.5114537991202	0.05507443
9.496961451247165	396.5114537991202	0.069045104
9.508571428571429	405.779469695705	0.06793721
9.520181405895691	405.779469695705	0.035683326
9.531791383219955	450.2405119662335	0.056667384
9.543401360544218	439.95700446074346	0.048409473
9.55501133786848	420.0892517909185	0.25167766
9.566621315192744	420.0892517909185	0.38161606
9.578231292517007	415.264115194881	0.3183665
9.58984126984127	415.264115194881	0.5056724
9.601451247165533	415.264115194881	0.58415025
9.613061224489796	410.49440001958	0.65300083
9.624671201814058	410.49440001958	0.5698764
9.636281179138322	415.264115194881	0.5757765
9.647891156462585	415.264115194881	0.5629178
9.659501133786849	415.264115194881	0.57329786
9.671111111111111	415.264115194881	0.6071922
9.682721088435374	415.264115194881	0.5998784
9.694331065759638	415.264115194881	0.5709051
9.7059410430839	415.264115194881	0.55080646
9.717551020408163	410.49440001958	0.5108815
9.729160997732427	401.11869496556756	0.22910304
9.740770975056689	391.95713131094	0.10613407
9.752380952380953	622.1931625694237	0.05323398
9.763990929705216	622.1931625694237	0.061970495
9.775600907029478	622.1931625694237	0.032639906
9.787210884353742	405.779469695705	0.0306081
9.798820861678005	410.49440001958	0.03363405
9.810430839002267	420.0892517909185	0.013091106
9.822040816326531	198.2557268995601	0.01610579
9.833650793650794	445.06905860948774	0.02598428
9.845260770975056	424.9704537735825	0.13042031
9.85687074829932	420.0892517909185	0.45248267
9.868480725623582	830.5282303897623	0.6663641
9.880090702947847	830.5282303897623	0.7517454
9.891700680272109	820.9888000391602	0.8118578
9.903310657596371	820.9888000391602	0.85521847
9.914920634920636	820.9888000391602	0.84014124
9.926530612244898	820.9888000391602	0.7769211
9.93814058956916	820.9888000391602	0.6239176
9.949750566893425	410.49440001958	0.54337895
9.961360544217687	410.49440001958	0.517637
9.97297052154195	415.264115194881	0.6003308
9.984580498866213	415.264115194881	0.678217
9.996190476190476	415.264115194881	0.67429525
10.00780045351474	415.264115194881	0.7125404
10.019410430839002	415.264115194881	0.78386045
10.031020408163265	405.779469695705	0.8326278
10.042630385487529	401.11869496556756	0.85160697
10.054240362811791	396.5114537991202	0.7169507
10.065850340136054	387.45511967816526	0.46117827
10.077460317460318	378.6056325144029	0.17976262
10.08907029478458	405.779469695705	0.053102244
10.100680272108843	410.49440001958	0.052380763
10.112290249433107	410.49440001958	0.07669211
10.12390022675737	410.49440001958	0.11292756
10.135510204081633	420.0892517909185	0.25154212
10.147120181405896	420.0892517909185	0.417509
10.158730158730158	420.0892517909185	0.46482545
10.170340136054422	420.0892517909185	0.5516235
10.181950113378685	415.264115194881	0.7395903
10.193560090702947	410.49440001958	0.9128828
10.205170068027211	405.779469695705	0.9579842
10.216780045351474	405.779469695705	0.9607734
10.228390022675738	410.49440001958	0.95105904
10.24	415.264115194881	0.880697
10.251609977324263	415.264115194881	0.8403287
10.263219954648527	415.264115194881	0.73490584
10.27482993197279	415.264115194881	0.6531757
10.286439909297052	415.264115194881	0.61154556
10.298049886621316	415.264115194881	0.6005593
10.309659863945578	415.264115194881	0.55063975
10.32126984126984	410.49440001958	0.5067522
10.332879818594105	410.49440001958	0.55191416
10.344489795918367	405.779469695705	0.34826458
10.356099773242631	405.779469695705	0.15664117
10.367709750566894	401.11869496556756	0.06913919
10.379319727891156	622.1931625694237	0.07167206
10.39092970521542	622.1931625694237	0.099781856
10.402539682539683	622.1931625694237	0.09368936
10.414149659863945	622.1931625694237	0.05526958
10.425759637188209	840.1785035818373	0.061506666
10.437369614512471	840.1785035818373	0.121333204
10.448979591836734	424.9704537735825	0.14713447
10.460589569160998	420.0892517909185	0.1652314
10.47219954648526	420.0892517909185	0.20203823
10.483809523809525	415.264115194881	0.30888042
10.495419501133787	415.264115194881	0.41608253
10.50702947845805	415.264115194881	0.33404097
10.518639455782314	410.49440001958	0.26171738
10.530249433106576	410.49440001958	0.20857888
10.541859410430838	820.9888000391602	0.18426387
10.553469387755102	820.9888000391602	0.1692161
10.565079365079365	830.5282303897623	0.16300851
10.576689342403627	830.5282303897623	0.15335196
10.588299319727891	830.5282303897623	0.13500436
10.599909297052154	415.264115194881	0.13205683
10.611519274376418	415.264115194881	0.13220792
10.62312925170068	415.264115194881	0.11993232
10.634739229024943	415.264115194881	0.07700417
10.646349206349207	434.9036672619066	0.103927895
10.65795918367347	410.49440001958	0.12603058
10.669569160997732	405.779469695705	0.21906738
10.681179138321996	405.779469695705	0.28662622
10.692789115646258	405.779469695705	0.2919547
10.704399092970522	405.779469695705	0.08866528
10.716009070294785	450.2405119662335	0.1556929
10.727619047619047	439.95700446074346	0.33516932
10.739229024943311	429.90837259128557	0.5011659
10.750839002267574	429.90837259128557	0.68828803
10.762448979591836	424.9704537735825	0.7604737
10.7740589569161	420.0892517909185	0.6713253
10.785668934240363	420.0892517909185	0.7285019
10.797278911564625	420.0892517909185	0.6572874
10.80888888888889	415.264115194881	0.66157144
10.820498866213152	415.264115194881	0.64982927
10.832108843537416	415.264115194881	0.5338315
10.843718820861678	415.264115194881	0.38093415
10.85532879818594	415.264115194881	0.3283755
10.866938775510205	415.264115194881	0.4134346
10.878548752834467	415.264115194881	0.44880256
10.89015873015873	415.264115194881	0.36669272
10.901768707482994	415.264115194881	0.24039675
10.913378684807256	405.779469695705	0.12867157
10.924988662131518	401.11869496556756	0.07524028
10.936598639455783	401.11869496556756	0.037243415
10.948208616780045	830.5282303897623	0.03251394
10.95981859410431	830.5282303897623	0.04115714
10.971428571428572	415.264115194881	0.036384456
10.983038548752834	420.0892517909185	0.054065764
10.994648526077098	420.0892517909185	0.09781374
11.00625850340136	415.264115194881	0.13184735
11.017868480725623	415.264115194881	0.11753929
11.029478458049887	415.264115194881	0.15798743
11.04108843537415	415.264115194881	0.25639218
11.052698412698414	415.264115194881	0.45327312
11.064308390022676	415.264115194881	0.5995723
11.075918367346938	415.264115194881	0.6340747
11.087528344671203	415.264115194881	0.6541033
11.099138321995465	415.264115194881	0.6223259
11.110748299319727	415.264115194881	0.5571746
11.122358276643991	415.264115194881	0.49937302
11.133968253968254	415.264115194881	0.39181548
11.145578231292516	420.0892517909185	0.39344057
11.15718820861678	420.0892517909185	0.46128187
11.168798185941043	420.0892517909185	0.42793855
11.180408163265307	420.0892517909185	0.39069295
11.19201814058957	420.0892517909185	0.39328238
11.203628117913832	420.0892517909185	0.32235968
11.215238095238096	415.264115194881	0.42564595
11.226848072562358	410.49440001958	0.54826194
11.23845804988662	410.49440001958	0.5564581
11.250068027210885	410.49440001958	0.43934587
11.261678004535147	410.49440001958	0.28190252
11.27328798185941	415.264115194881	0.10970459
11.284897959183674	420.0892517909185	0.1486338
11.296507936507936	429.90837259128557	0.47171947
11.3081179138322	439.95700446074346	0.5712505
11.319727891156463	455.4720547165321	0.42570785
11.331337868480725	477.0132060136591	0.5852077
11.34294784580499	493.83504039506204	0.60377264
11.354557823129252	499.5731271659299	0.7037997
11.366167800453514	499.5731271659299	0.59584016
11.377777777777778	493.83504039506204	0.63543427
11.38938775510204	493.83504039506204	0.7143663
11.400997732426303	493.83504039506204	0.61527383
11.412607709750567	488.16286117205766	0.5324514
11.42421768707483	493.83504039506204	0.4426889
11.435827664399094	493.83504039506204	0.41340658
11.447437641723356	493.83504039506204	0.31537873
11.459047619047618	499.5731271659299	0.2725042
11.470657596371883	499.5731271659299	0.25258926
11.482267573696145	499.5731271659299	0.21937655
11.493877551020407	488.16286117205766	0.28799477
11.505487528344672	488.16286117205766	0.34450406
11.517097505668934	482.55583248416343	0.39377338
11.528707482993198	477.0132060136591	0.33960083
11.54031746031746	471.5342420379865	0.19053212
11.551927437641723	471.5342420379865	0.07383336
11.563537414965987	471.5342420379865	0.022575604
11.57514739229025	629.4226988781635	0.028882353
11.586757369614512	629.4226988781635	0.04244691
11.598367346938776	629.4226988781635	0.050026756
11.609977324263038	629.4226988781635	0.041812666
11.6215873015873	629.4226988781635	0.042137336
11.633197278911565	629.4226988781635	0.058393646
11.644807256235827	622.1931625694237	0.09667614
11.656417233560092	629.4226988781635	0.14677678
11.668027210884354	629.4226988781635	0.20107257
11.679637188208616	629.4226988781635	0.25976947
11.69124716553288	258.59526772431764	0.34936473
11.702857142857143	261.6	0.82475275
11.714467120181405	264.63964558298295	0.93290573
11.72607709750567	264.63964558298295	0.9712334
11.737687074829932	267.7146101463563	0.9725638
11.749297052154194	267.7146101463563	0.9821592
11.760907029478458	267.7146101463563	0.9748155
11.77251700680272	270.82530407690433	0.980397
11.784126984126985	273.972142529876	0.9648455
11.795736961451247	273.972142529876	0.96320564
11.80734693877551	277.15554548439167	0.94324636
11.818956916099774	277.15554548439167	0.9424138
11.830566893424036	277.15554548439167	0.9281933
11.842176870748299	277.15554548439167	0.9058261
11.853786848072563	277.15554548439167	0.8796305
11.865396825396825	277.15554548439167	0.8635079
11.877006802721088	277.15554548439167	0.8513602
11.888616780045352	277.15554548439167	0.851577
11.900226757369614	277.15554548439167	0.8724322
11.911836734693878	277.15554548439167	0.8984307
11.92344671201814	277.15554548439167	0.9257815
11.935056689342403	273.972142529876	0.94966936
11.946666666666667	273.972142529876	0.959645
11.95827664399093	270.82530407690433	0.90650403
11.969886621315192	270.82530407690433	0.79995674
11.981496598639456	267.7146101463563	0.670683
11.993106575963719	264.63964558298295	0.57473034
12.004716553287983	267.7146101463563	0.3539138
12.016326530612245	280.3759377994943	0.57772404
12.027936507936507	286.92941468811415	0.4765046
12.039546485260772	314.71134943908174	0.7078399
12.051156462585034	318.36811917622657	0.91599
12.062766439909296	322.0673785310301	0.9034399
12.07437641723356	322.0673785310301	0.9247709
12.085986394557823	318.36811917622657	0.97262424
12.097596371882085	311.0965812847119	0.98248094
12.10920634920635	303.9911255481709	0.98344976
12.120816326530612	300.4994896672244	0.973367
12.132426303854876	297.0479586449415	0.95209867
12.144036281179138	297.0479586449415	0.9543531
12.1556462585034	303.9911255481709	0.95818895
12.167256235827665	307.52333228379206	0.95050234
12.178866213151927	314.71134943908174	0.9438643
12.19047619047619	318.36811917622657	0.9093295
12.202086167800454	318.36811917622657	0.8143691
12.213696145124716	318.36811917622657	0.8079505
12.225306122448979	314.71134943908174	0.8036583
12.236916099773243	311.0965812847119	0.67408794
12.248526077097505	311.0965812847119	0.5506591
12.26013605442177	311.0965812847119	0.509765
12.271746031746032	311.0965812847119	0.4598825
12.283356009070294	311.0965812847119	0.3673858
12.294965986394558	311.0965812847119	0.24807903
12.30657596371882	311.0965812847119	0.13652897
12.318185941043083	311.0965812847119	0.058916364
12.329795918367347	103.81602879872027	0.082335584
12.34140589569161	103.81602879872027	0.11548168
12.353015873015874	105.02231294772965	0.1445089
12.364625850340136	105.02231294772965	0.1549881
12.376235827664399	105.02231294772965	0.13516892
12.387845804988663	105.02231294772965	0.102797054
12.399455782312925	629.4226988781635	0.104354516
12.411065759637188	629.4226988781635	0.13949053
12.422675736961452	622.1931625694237	0.160598
12.434285714285714	622.1931625694237	0.17193411
12.445895691609977	314.71134943908174	0.24515538
12.45750566893424	314.71134943908174	0.3479583
12.469115646258503	314.71134943908174	0.3754156
12.480725623582767	314.71134943908174	0.29213035
12.49233560090703	311.0965812847119	0.17875515
12.503945578231292	311.0965812847119	0.17083658
12.515555555555556	311.0965812847119	0.24593337
12.527165532879819	318.36811917622657	0.4411524
12.538775510204081	318.36811917622657	0.74372035
12.550385487528345	314.71134943908174	0.9170293
12.561995464852608	311.0965812847119	0.9569958
12.57360544217687	311.0965812847119	0.97754616
12.585215419501134	307.52333228379206	0.98569226
12.596825396825396	307.52333228379206	0.97567296
12.60843537414966	303.9911255481709	0.974183
12.620045351473923	303.9911255481709	0.9720937
12.631655328798185	307.52333228379206	0.9752645
12.64326530612245	311.0965812847119	0.97761893
12.654875283446712	311.0965812847119	0.9793778
12.666485260770974	314.71134943908174	0.9849284
12.678095238095239	318.36811917622657	0.9775317
12.689705215419501	318.36811917622657	0.97299826
12.701315192743763	314.71134943908174	0.98561585
12.712925170068027	311.0965812847119	0.98661345
12.72453514739229	307.52333228379206	0.9676521
12.736145124716554	300.4994896672244	0.78100026
12.747755102040816	293.63607183773195	0.4403072
12.759365079365079	280.3759377994943	0.19540058
12.770975056689343	311.0965812847119	0.27182424
12.782585034013605	311.0965812847119	0.22781378
12.794195011337868	314.71134943908174	0.16988188
12.805804988662132	311.0965812847119	0.11438877
12.817414965986394	307.52333228379206	0.0981527
12.829024943310658	290.2633738929482	0.2084921
12.84063492063492	280.3759377994943	0.5707739
12.852244897959183	277.15554548439167	0.8616971
12.863854875283447	273.972142529876	0.9474523
12.87546485260771	273.972142529876	0.97344583
12.887074829931972	273.972142529876	0.9781724
12.898684807256236	273.972142529876	0.9710952
12.910294784580499	273.972142529876	0.9550524
12.921904761904761	277.15554548439167	0.92382354
12.933514739229025	277.15554548439167	0.9317865
12.945124716553288	280.3759377994943	0.90788907
12.956734693877552	280.3759377994943	0.898685
12.968344671201814	277.15554548439167	0.90691066
12.979954648526077	277.15554548439167	0.9134531
12.99156462585034	277.15554548439167	0.90279806
13.003174603174603	277.15554548439167	0.88101035
13.014784580498866	277.15554548439167	0.8592032
13.02639455782313	277.15554548439167	0.83067626
13.038004535147392	277.15554548439167	0.78169453
13.049614512471654	273.972142529876	0.752702
13.061224489795919	273.972142529876	0.72639185
13.072834467120181	273.972142529876	0.6234809
13.084444444444445	270.82530407690433	0.42853567
13.096054421768708	267.7146101463563	0.27883258
13.10766439909297	267.7146101463563	0.19155215
13.119274376417234	270.82530407690433	0.08671736
13.130884353741497	307.52333228379206	0.19964871
13.142494331065759	314.71134943908174	0.61356634
13.154104308390023	318.36811917622657	0.9017816
13.165714285714285	318.36811917622657	0.9211984
13.177324263038548	318.36811917622657	0.8996138
13.188934240362812	314.71134943908174	0.87605804
13.200544217687074	314.71134943908174	0.8751293
13.212154195011339	311.0965812847119	0.8648736
13.223764172335601	311.0965812847119	0.91169
13.235374149659863	311.0965812847119	0.8854728
13.246984126984128	311.0965812847119	0.8590677
13.25859410430839	311.0965812847119	0.8240639
13.270204081632652	311.0965812847119	0.7866786
13.281814058956916	311.0965812847119	0.8189724
13.293424036281179	311.0965812847119	0.9006355
13.305034013605443	311.0965812847119	0.9452468
13.316643990929705	311.0965812847119	0.9514792
13.328253968253968	311.0965812847119	0.962426
13.339863945578232	307.52333228379206	0.94405985
13.351473922902494	303.9911255481709	0.8645235
13.363083900226757	300.4994896672244	0.63365185
13.374693877551021	297.0479586449415	0.37093064
13.386303854875283	303.9911255481709	0.21579385
13.397913832199546	307.52333228379206	0.069936536
13.40952380952381	307.52333228379206	0.018047145
13.421133786848072	307.52333228379206	0.009759906
13.432743764172336	212.48522688679125	0.012882731
13.444353741496599	378.6056325144029	0.07129452
13.455963718820861	383.00481805937557	0.46325886
13.467573696145125	378.6056325144029	0.84250253
13.479183673469388	378.6056325144029	0.9241298
13.49079365079365	374.2569759250636	0.9460581
13.502403628117914	369.95826791680173	0.9574222
13.514013605442177	365.7089347812315	0.97657657
13.525623582766439	365.7089347812315	0.97928154
13.537233560090703	361.50840939957027	0.9864742
13.548843537414966	361.50840939957027	0.985865
13.56045351473923	361.50840939957027	0.9776158
13.572063492063492	365.7089347812315	0.9801176
13.583673469387755	365.7089347812315	0.9750166
13.595283446712019	369.95826791680173	0.96259594
13.606893424036281	369.95826791680173	0.96653664
13.618503401360543	369.95826791680173	0.9677784
13.630113378684808	369.95826791680173	0.94873065
13.64172335600907	374.2569759250636	0.94331366
13.653333333333334	374.2569759250636	0.9405298
13.664943310657597	369.95826791680173	0.9678946
13.676553287981859	369.95826791680173	0.9924973
13.688163265306123	365.7089347812315	0.99648833
13.699773242630386	357.3561311669499	0.99383354
13.711383219954648	345.18326945818916	0.98111296
13.722993197278912	333.425060106719	0.98339623
13.734603174603174	322.0673785310301	0.9946378
13.746213151927437	314.71134943908174	0.9964496
13.757823129251701	314.71134943908174	0.9901452
13.769433106575963	314.71134943908174	0.99018353
13.781043083900228	318.36811917622657	0.9891205
13.79265306122449	318.36811917622657	0.9883492
13.804263038548752	318.36811917622657	0.985742
13.815873015873017	314.71134943908174	0.9899086
13.827482993197279	314.71134943908174	0.9913681
13.839092970521541	311.0965812847119	0.9916611
13.850702947845805	311.0965812847119	0.9932221
13.862312925170068	311.0965812847119	0.9902147
13.87392290249433	311.0965812847119	0.9844848
13.885532879818594	311.0965812847119	0.97947365
13.897142857142857	311.0965812847119	0.9792196
13.908752834467121	311.0965812847119	0.9792539
13.920362811791383	311.0965812847119	0.97117245
13.931972789115646	314.71134943908174	0.9773497
13.94358276643991	314.71134943908174	0.9830724
13.955192743764172	311.0965812847119	0.9913259
13.966802721088435	311.0965812847119	0.98946404
13.978412698412699	303.9911255481709	0.978309
13.990022675736961	293.63607183773195	0.9681442
14.001632653061224	286.92941468811415	0.97450227
14.013242630385488	277.15554548439167	0.9686919
14.02485260770975	270.82530407690433	0.9859244
14.036462585034014	270.82530407690433	0.95992106
14.048072562358277	273.972142529876	0.95911604
14.05968253968254	277.15554548439167	0.97185856
14.071292517006803	277.15554548439167	0.9654527
14.082902494331066	280.3759377994943	0.9542821
14.094512471655328	280.3759377994943	0.934598
14.106122448979592	277.15554548439167	0.923387
14.117732426303855	273.972142529876	0.9423619
14.129342403628119	270.82530407690433	0.96815354
14.140952380952381	270.82530407690433	0.9862518
14.152562358276644	270.82530407690433	0.99008334
14.164172335600908	273.972142529876	0.98900664
14.17578231292517	273.972142529876	0.9870847
14.187392290249432	277.15554548439167	0.97883075
14.199002267573697	280.3759377994943	0.9810963
14.210612244897959	280.3759377994943	0.97240555
14.222222222222221	283.63374927085107	0.9686049
14.233832199546486	280.3759377994943	0.9585265
14.245442176870748	280.3759377994943	0.97077584
14.257052154195012	277.15554548439167	0.9784492
14.268662131519275	273.972142529876	0.9859163
14.280272108843537	270.82530407690433	0.98472786
14.291882086167801	270.82530407690433	0.9777795
14.303492063492063	273.972142529876	0.96537745
14.315102040816326	277.15554548439167	0.9313618
14.32671201814059	280.3759377994943	0.92238915
14.338321995464852	280.3759377994943	0.89407855
14.349931972789115	283.63374927085107	0.8002068
14.361541950113379	280.3759377994943	0.7592905
14.373151927437641	280.3759377994943	0.7166644
14.384761904761906	277.15554548439167	0.7337099
14.396371882086168	273.972142529876	0.76112145
14.40798185941043	273.972142529876	0.8393161
14.419591836734694	273.972142529876	0.86172736
14.431201814058957	273.972142529876	0.8729306
14.44281179138322	273.972142529876	0.8419051
14.454421768707483	277.15554548439167	0.8381872
14.466031746031746	277.15554548439167	0.8315626
14.477641723356008	277.15554548439167	0.78605974
14.489251700680272	280.3759377994943	0.781323
14.500861678004535	277.15554548439167	0.7542383
14.512471655328799	277.15554548439167	0.79411256
14.524081632653061	277.15554548439167	0.8121602
14.535691609977324	277.15554548439167	0.81078464
14.547301587301588	277.15554548439167	0.8039762
14.55891156462585	273.972142529876	0.8377317
14.570521541950113	273.972142529876	0.880484
14.582131519274377	273.972142529876	0.86526316
14.59374149659864	273.972142529876	0.80221355
14.605351473922903	273.972142529876	0.69258744
14.616961451247166	273.972142529876	0.43467334
14.628571428571428	277.15554548439167	0.21762556
14.640181405895692	277.15554548439167	0.12476673
14.651791383219955	280.3759377994943	0.15573628
14.663401360544217	280.3759377994943	0.31269675
14.675011337868481	280.3759377994943	0.49653363
14.686621315192744	280.3759377994943	0.4753721
14.698231292517006	280.3759377994943	0.4181603
14.70984126984127	280.3759377994943	0.37246764
14.721451247165533	280.3759377994943	0.30323136
14.733061224489797	277.15554548439167	0.2168396
14.744671201814059	277.15554548439167	0.15395044
14.756281179138321	273.972142529876	0.11368026
14.767891156462586	277.15554548439167	0.11224408
14.779501133786848	277.15554548439167	0.12655245
14.79111111111111	280.3759377994943	0.10685927
14.802721088435375	280.3759377994943	0.06692851
14.814331065759637	499.5731271659299	0.046455033
14.8259410430839	499.5731271659299	0.04414216
14.837551020408164	238.50660300682955	0.050464064
14.849160997732426	246.91752019753102	0.08207788
14.86077097505669	246.91752019753102	0.10646326
14.872380952380952	246.91752019753102	0.08697461
14.883990929705215	246.91752019753102	0.08072839
14.895600907029479	246.91752019753102	0.11065051
14.907210884353741	244.08143058602883	0.15990764
14.918820861678004	244.08143058602883	0.22578093
14.930430839002268	241.27791624208172	0.29613563
14.94204081632653	241.27791624208172	0.42000058
14.953650793650795	241.27791624208172	0.66128916
14.965260770975057	244.08143058602883	0.80076903
14.97687074829932	244.08143058602883	0.8416008
14.988480725623583	244.08143058602883	0.79149723
15.000090702947846	244.08143058602883	0.78109455
15.011700680272108	244.08143058602883	0.8276592
15.023310657596372	244.08143058602883	0.80526114
15.034920634920635	241.27791624208172	0.8322093
15.046530612244897	241.27791624208172	0.84580433
15.058140589569161	244.08143058602883	0.83233875
15.069750566893424	249.78656358296496	0.8248193
15.081360544217688	252.68894364673966	0.8637423
15.09297052154195	255.62504774239878	0.9037988
15.104580498866213	258.59526772431764	0.93425363
15.116190476190477	258.59526772431764	0.8961422
15.12780045351474	258.59526772431764	0.8896601
15.139410430839002	255.62504774239878	0.8265053
15.151020408163266	249.78656358296496	0.5912702
15.162630385487528	241.27791624208172	0.87333375
15.17424036281179	238.50660300682955	0.9241735
15.185850340136055	235.76712101899324	0.94320303
15.197460317460317	235.76712101899324	0.9384491
15.209070294784581	235.76712101899324	0.91134065
15.220680272108844	238.50660300682955	0.8786182
15.232290249433106	241.27791624208172	0.67483133
15.24390022675737	246.91752019753102	0.43947184
15.255510204081633	249.78656358296496	0.40790728
15.267120181405895	249.78656358296496	0.4508236
15.27873015873016	249.78656358296496	0.49888372
15.290340136054422	249.78656358296496	0.5798699
15.301950113378684	249.78656358296496	0.63481635
15.313560090702948	246.91752019753102	0.6817141
15.32517006802721	246.91752019753102	0.7454406
15.336780045351475	244.08143058602883	0.66264594
15.348390022675737	244.08143058602883	0.5765497
15.36	244.08143058602883	0.40794298
15.371609977324264	244.08143058602883	0.285742
15.383219954648526	246.91752019753102	0.22029348
15.394829931972788	246.91752019753102	0.20727341
15.406439909297053	246.91752019753102	0.18078245
15.418049886621315	246.91752019753102	0.11710588
15.429659863945579	246.91752019753102	0.07562288
15.441269841269841	210.04462589545926	0.07912589
15.452879818594104	210.04462589545926	0.119776614
15.464489795918368	207.6320575974405	0.15479264
15.47609977324263	207.6320575974405	0.21746314
15.487709750566893	70.09398444987357	0.31074056
15.499319727891157	70.09398444987357	0.40544587
15.51092970521542	70.09398444987357	0.40394256
15.522539682539682	70.09398444987357	0.42902458
15.534149659863946	70.09398444987357	0.4551846
15.545759637188208	70.09398444987357	0.4737468
15.557369614512472	70.09398444987357	0.47193858
15.568979591836735	70.09398444987357	0.4408861
15.580589569160997	70.09398444987357	0.37589458
15.592199546485261	207.6320575974405	0.32571554
15.603809523809524	207.6320575974405	0.3154398
15.615419501133786	207.6320575974405	0.30005008
15.62702947845805	207.6320575974405	0.28621805
15.638639455782313	207.6320575974405	0.27864495
15.650249433106575	207.6320575974405	0.2690107
15.66185941043084	207.6320575974405	0.2370582
15.673469387755102	207.6320575974405	0.17909622
15.685079365079366	207.6320575974405	0.12818508
15.696689342403628	666.8501202134378	0.12087752
15.70829931972789	666.8501202134378	0.13100249
15.719909297052155	666.8501202134378	0.11351535
15.731519274376417	666.8501202134378	0.08582741
15.74312925170068	666.8501202134378	0.058345553
15.754739229024944	666.8501202134378	0.037503377
15.766349206349206	205.24720000979	0.025541158
15.777959183673469	207.6320575974405	0.020187814
15.789569160997733	207.6320575974405	0.02496868
15.801179138321995	207.6320575974405	0.07155045
15.81278911564626	207.6320575974405	0.21692853
15.824399092970522	207.6320575974405	0.35210055
15.836009070294784	207.6320575974405	0.3558069
15.847619047619048	205.24720000979	0.44364518
15.85922902494331	202.8897348478525	0.7289404
15.870839002267573	202.8897348478525	0.91245604
15.882448979591837	202.8897348478525	0.9452346
15.8940589569161	205.24720000979	0.94369537
15.905668934240364	205.24720000979	0.9590385
15.917278911564626	207.6320575974405	0.9636874
15.928888888888888	210.04462589545926	0.9447464
15.940498866213153	210.04462589545926	0.92224216
15.952108843537415	210.04462589545926	0.8378553
15.963718820861677	210.04462589545926	0.78378266
15.975328798185942	210.04462589545926	0.7496902
15.986938775510204	210.04462589545926	0.7300544
15.998548752834466	210.04462589545926	0.7194687
16.01015873015873	210.04462589545926	0.62647164
16.021768707482995	207.6320575974405	0.4682817
16.033378684807257	210.04462589545926	0.29654023
16.04498866213152	210.04462589545926	0.25531617
16.056598639455782	210.04462589545926	0.13415559
16.068208616780044	210.04462589545926	0.067444496
16.07981859410431	210.04462589545926	0.030769931
16.091428571428573	207.6320575974405	0.024256114
16.103038548752835	207.6320575974405	0.020692185
16.114648526077097	249.78656358296496	0.08246095
16.12625850340136	249.78656358296496	0.3186097
16.137868480725622	249.78656358296496	0.66169417
16.149478458049888	255.62504774239878	0.80951077
16.16108843537415	261.6	0.7996693
16.172698412698413	270.82530407690433	0.81733793
16.184308390022675	277.15554548439167	0.8758378
16.195918367346938	277.15554548439167	0.71423054
16.207528344671204	277.15554548439167	0.7158115
16.219138321995466	273.972142529876	0.86245567
16.23074829931973	270.82530407690433	0.9107239
16.24235827664399	267.7146101463563	0.9147141
16.253968253968253	267.7146101463563	0.9312581
16.265578231292515	270.82530407690433	0.9488039
16.27718820861678	273.972142529876	0.920409
16.288798185941044	280.3759377994943	0.91928077
16.300408163265306	283.63374927085107	0.9129382
16.31201814058957	283.63374927085107	0.86860543
16.32362811791383	283.63374927085107	0.88625675
16.335238095238097	280.3759377994943	0.9361567
16.34684807256236	277.15554548439167	0.9492858
16.35845804988662	270.82530407690433	0.95930785
16.370068027210884	270.82530407690433	0.95678765
16.381678004535146	270.82530407690433	0.92164123
16.39328798185941	270.82530407690433	0.9495131
16.404897959183675	273.972142529876	0.94393855
16.416507936507937	280.3759377994943	0.92934656
16.4281179138322	286.92941468811415	0.9476263
16.439727891156462	286.92941468811415	0.9249247
16.451337868480724	286.92941468811415	0.8886083
16.46294784580499	286.92941468811415	0.9061846
16.474557823129253	280.3759377994943	0.9035373
16.486167800453515	273.972142529876	0.947809
16.497777777777777	270.82530407690433	0.9548743
16.50938775510204	270.82530407690433	0.944259
16.520997732426302	270.82530407690433	0.94057643
16.532607709750568	273.972142529876	0.92376983
16.54421768707483	280.3759377994943	0.90445405
16.555827664399093	283.63374927085107	0.92099595
16.567437641723355	283.63374927085107	0.8790813
16.579047619047618	283.63374927085107	0.8780694
16.590657596371884	283.63374927085107	0.8545901
16.602267573696146	277.15554548439167	0.850903
16.61387755102041	277.15554548439167	0.8823654
16.62548752834467	273.972142529876	0.86528665
16.637097505668933	273.972142529876	0.8068527
16.648707482993196	273.972142529876	0.7383129
16.66031746031746	277.15554548439167	0.7158554
16.671927437641724	277.15554548439167	0.751966
16.683537414965986	280.3759377994943	0.70003635
16.69514739229025	280.3759377994943	0.6472911
16.70675736961451	277.15554548439167	0.663082
16.718367346938777	277.15554548439167	0.62106615
16.72997732426304	273.972142529876	0.5402798
16.741587301587302	273.972142529876	0.5162508
16.753197278911564	273.972142529876	0.48204833
16.764807256235827	273.972142529876	0.43794852
16.77641723356009	273.972142529876	0.35740557
16.788027210884355	273.972142529876	0.27649105
16.799637188208617	277.15554548439167	0.24013008
16.81124716553288	277.15554548439167	0.21831916
16.822857142857142	277.15554548439167	0.22013004
16.834467120181404	273.972142529876	0.2364213
16.84607709750567	207.6320575974405	0.22907686
16.857687074829933	207.6320575974405	0.278477
16.869297052154195	207.6320575974405	0.32045794
16.880907029478458	207.6320575974405	0.31573677
16.89251700680272	207.6320575974405	0.28273675
16.904126984126986	207.6320575974405	0.27145436
16.91573696145125	207.6320575974405	0.2855979
16.92734693877551	210.04462589545926	0.326844
16.938956916099773	210.04462589545926	0.37991014
16.950566893424035	210.04462589545926	0.377651
16.962176870748298	70.09398444987357	0.3530849
16.973786848072564	70.09398444987357	0.38099566
16.985396825396826	70.09398444987357	0.36243147
16.99700680272109	70.09398444987357	0.2756314
17.00861678004535	70.09398444987357	0.17151602
17.020226757369613	70.09398444987357	0.108236626
17.03183673469388	70.09398444987357	0.08772566
17.04344671201814	217.4518336309533	0.14264505
17.055056689342404	217.4518336309533	0.12182619
17.066666666666666	70.09398444987357	0.15078387
17.07827664399093	70.09398444987357	0.19258215
17.08988662131519	70.09398444987357	0.23187453
17.101496598639457	70.09398444987357	0.27525052
17.11310657596372	70.09398444987357	0.3381743
17.124716553287982	70.09398444987357	0.40125877
17.136326530612244	70.09398444987357	0.43132514
17.147936507936507	70.09398444987357	0.41467014
17.159546485260773	70.09398444987357	0.36228895
17.171156462585035	207.6320575974405	0.32238394
17.182766439909297	207.6320575974405	0.32194605
17.19437641723356	207.6320575974405	0.31589454
17.205986394557822	207.6320575974405	0.29333422
17.217596371882085	207.6320575974405	0.25623813
17.22920634920635	207.6320575974405	0.20139544
17.240816326530613	210.04462589545926	0.12046901
17.252426303854875	329.59534665249885	0.11307151
17.264036281179138	329.59534665249885	0.20640606
17.2756462585034	329.59534665249885	0.23930396
17.287256235827666	329.59534665249885	0.21753244
17.29886621315193	333.425060106719	0.18167628
17.31047619047619	333.425060106719	0.08283352
17.322086167800453	314.71134943908174	0.090678506
17.333696145124716	318.36811917622657	0.2808016
17.345306122448978	322.0673785310301	0.71941596
17.356916099773244	322.0673785310301	0.82853705
17.368526077097506	318.36811917622657	0.867082
17.38013605442177	314.71134943908174	0.9180969
17.39174603174603	314.71134943908174	0.942206
17.403356009070293	311.0965812847119	0.9465325
17.41496598639456	311.0965812847119	0.95128304
17.426575963718822	311.0965812847119	0.94336945
17.438185941043084	311.0965812847119	0.92958605
17.449795918367347	311.0965812847119	0.9195082
17.46140589569161	311.0965812847119	0.9093299
17.47301587301587	314.71134943908174	0.8796929
17.484625850340137	314.71134943908174	0.85437256
17.4962358276644	314.71134943908174	0.8816236
17.507845804988662	311.0965812847119	0.9514603
17.519455782312924	311.0965812847119	0.9682445
17.531065759637187	307.52333228379206	0.94150317
17.542675736961453	300.4994896672244	0.7405784
17.554285714285715	297.0479586449415	0.4108921
17.565895691609978	311.0965812847119	0.15176879
17.57750566893424	314.71134943908174	0.078764334
17.589115646258502	283.63374927085107	0.068932764
17.600725623582765	280.3759377994943	0.049219258
17.61233560090703	258.59526772431764	0.10372167
17.623945578231293	258.59526772431764	0.2931029
17.635555555555555	258.59526772431764	0.52409726
17.647165532879818	261.6	0.5131315
17.65877551020408	270.82530407690433	0.434537
17.670385487528346	280.3759377994943	0.71901155
17.68199546485261	280.3759377994943	0.7657939
17.69360544217687	280.3759377994943	0.71946037
17.705215419501133	280.3759377994943	0.7715216
17.716825396825396	277.15554548439167	0.8720194
17.728435374149658	273.972142529876	0.90793467
17.740045351473924	270.82530407690433	0.8766733
17.751655328798186	270.82530407690433	0.8921357
17.76326530612245	270.82530407690433	0.8541121
17.77487528344671	277.15554548439167	0.74428827
17.786485260770974	283.63374927085107	0.8861511
17.79809523809524	286.92941468811415	0.9429851
17.809705215419502	290.2633738929482	0.9328269
17.821315192743764	290.2633738929482	0.91075975
17.832925170068027	286.92941468811415	0.9030524
17.84453514739229	283.63374927085107	0.84858286
17.856145124716555	280.3759377994943	0.77226084
17.867755102040817	277.15554548439167	0.69312894
17.87936507936508	273.972142529876	0.6086821
17.890975056689342	270.82530407690433	0.48948282
17.902585034013605	267.7146101463563	0.35144415
17.914195011337867	267.7146101463563	0.22953816
17.925804988662133	270.82530407690433	0.09278894
17.937414965986395	307.52333228379206	0.15795417
17.949024943310658	311.0965812847119	0.6236051
17.96063492063492	314.71134943908174	0.751161
17.972244897959182	314.71134943908174	0.6913357
17.98385487528345	314.71134943908174	0.66970134
17.99546485260771	311.0965812847119	0.80121976
18.007074829931973	311.0965812847119	0.78777635
18.018684807256236	307.52333228379206	0.8804359
18.030294784580498	303.9911255481709	0.9071264
18.04190476190476	303.9911255481709	0.9205777
18.053514739229026	307.52333228379206	0.94095105
18.06512471655329	307.52333228379206	0.9425262
18.07673469387755	311.0965812847119	0.9637174
18.088344671201813	311.0965812847119	0.9405083
18.099954648526076	314.71134943908174	0.9323875
18.11156462585034	314.71134943908174	0.87895465
18.123174603174604	314.71134943908174	0.77993023
18.134784580498867	311.0965812847119	0.49265534
18.14639455782313	307.52333228379206	0.17949912
18.15800453514739	311.0965812847119	0.09561538
18.169614512471654	311.0965812847119	0.071080126
18.18122448979592	70.09398444987357	0.032112297
18.192834467120182	70.09398444987357	0.050308827
18.204444444444444	70.09398444987357	0.062036857
18.216054421768707	70.09398444987357	0.061894726
18.22766439909297	70.09398444987357	0.04682582
18.239274376417235	70.09398444987357	0.036194663
18.250884353741498	391.95713131094	0.11131055
18.26249433106576	387.45511967816526	0.55669934
18.274104308390022	383.00481805937557	0.63943934
18.285714285714285	374.2569759250636	0.31994316
18.297324263038547	341.2185014506716	0.47998932
18.308934240362813	333.425060106719	0.35872823
18.320544217687075	307.52333228379206	0.40028486
18.332154195011338	318.36811917622657	0.62819034
18.3437641723356	325.80962120906815	0.8112105
18.355374149659863	345.18326945818916	0.9365323
18.36698412698413	353.2515459175985	0.97252584
18.37859410430839	361.50840939957027	0.9662585
18.390204081632653	365.7089347812315	0.9277147
18.401814058956916	369.95826791680173	0.8983621
18.413424036281178	369.95826791680173	0.8972524
18.42503401360544	365.7089347812315	0.91688734
18.436643990929706	365.7089347812315	0.93585956
18.44825396825397	369.95826791680173	0.9617368
18.45986394557823	374.2569759250636	0.95141196
18.471473922902494	374.2569759250636	0.9548069
18.483083900226756	374.2569759250636	0.95119786
18.494693877551022	369.95826791680173	0.9626807
18.506303854875284	365.7089347812315	0.9601949
18.517913832199547	353.2515459175985	0.9341041
18.52952380952381	341.2185014506716	0.86150414
18.54113378684807	322.0673785310301	0.9307008
18.552743764172334	307.52333228379206	0.86666584
18.5643537414966	303.9911255481709	0.9385544
18.575963718820862	303.9911255481709	0.9184238
18.587573696145125	307.52333228379206	0.9376059
18.599183673469387	311.0965812847119	0.95366454
18.61079365079365	314.71134943908174	0.9645394
18.622403628117915	314.71134943908174	0.9477329
18.634013605442178	314.71134943908174	0.93361884
18.64562358276644	314.71134943908174	0.960591
18.657233560090702	314.71134943908174	0.9619609
18.668843537414965	311.0965812847119	0.971557
18.68045351473923	311.0965812847119	0.95848674
18.692063492063493	307.52333228379206	0.95673126
18.703673469387756	307.52333228379206	0.9415346
18.715283446712018	307.52333228379206	0.91759884
18.72689342403628	307.52333228379206	0.8758838
18.738503401360543	307.52333228379206	0.85969317
18.75011337868481	307.52333228379206	0.8814443
18.76172335600907	307.52333228379206	0.94480807
18.773333333333333	307.52333228379206	0.9687353
18.784943310657596	303.9911255481709	0.9535084
18.796553287981858	297.0479586449415	0.94240916
18.808163265306124	286.92941468811415	0.89275223
18.819773242630387	277.15554548439167	0.9006168
18.83138321995465	273.972142529876	0.8988769
18.84299319727891	273.972142529876	0.8384415
18.854603174603174	277.15554548439167	0.8298546
18.866213151927436	280.3759377994943	0.87716806
18.877823129251702	283.63374927085107	0.8446907
18.889433106575964	283.63374927085107	0.8344294
18.901043083900227	280.3759377994943	0.86365014
18.91265306122449	280.3759377994943	0.9296119
18.92426303854875	277.15554548439167	0.9458778
18.935873015873018	273.972142529876	0.93517846
18.94748299319728	273.972142529876	0.9509552
18.959092970521542	273.972142529876	0.92368585
18.970702947845805	273.972142529876	0.9202913
18.982312925170067	273.972142529876	0.936088
18.99392290249433	277.15554548439167	0.9156758
19.005532879818595	280.3759377994943	0.91743076
19.017142857142858	283.63374927085107	0.936117
19.02875283446712	286.92941468811415	0.955151
19.040362811791383	286.92941468811415	0.9576121
19.051972789115645	286.92941468811415	0.9430096
19.06358276643991	286.92941468811415	0.9456835
19.075192743764173	280.3759377994943	0.9420201
19.086802721088436	277.15554548439167	0.94854087
19.098412698412698	273.972142529876	0.9353746
19.11002267573696	273.972142529876	0.9104376
19.121632653061223	270.82530407690433	0.8770832
19.13324263038549	273.972142529876	0.8311952
19.14485260770975	273.972142529876	0.78646076
19.156462585034014	277.15554548439167	0.7455146
19.168072562358276	280.3759377994943	0.71851933
19.17968253968254	280.3759377994943	0.682051
19.191292517006804	277.15554548439167	0.629182
19.202902494331067	277.15554548439167	0.6604185
19.21451247165533	273.972142529876	0.6296488
19.22612244897959	273.972142529876	0.7272052
19.237732426303854	273.972142529876	0.7696327
19.249342403628116	277.15554548439167	0.7496154
19.260952380952382	277.15554548439167	0.74682945
19.272562358276645	277.15554548439167	0.7042521
19.284172335600907	277.15554548439167	0.64735764
19.29578231292517	277.15554548439167	0.5732268
19.30739229024943	277.15554548439167	0.4666211
19.319002267573698	273.972142529876	0.35398436
19.33061224489796	273.972142529876	0.29045352
19.342222222222222	273.972142529876	0.29198378
19.353832199546485	273.972142529876	0.32982168
19.365442176870747	277.15554548439167	0.3694549
19.37705215419501	277.15554548439167	0.49894923
19.388662131519276	277.15554548439167	0.6774632
19.400272108843538	277.15554548439167	0.7786023
19.4118820861678	277.15554548439167	0.8299709
19.423492063492063	277.15554548439167	0.8731281
19.435102040816325	277.15554548439167	0.84923404
19.44671201814059	277.15554548439167	0.79071563
19.458321995464853	277.15554548439167	0.7903765
19.469931972789116	277.15554548439167	0.85488224
19.481541950113378	277.15554548439167	0.8977806
19.49315192743764	277.15554548439167	0.8963018
19.504761904761907	277.15554548439167	0.8755588
19.51637188208617	277.15554548439167	0.8554737
19.52798185941043	277.15554548439167	0.8372747
19.539591836734694	273.972142529876	0.7165483
19.551201814058956	270.82530407690433	0.5379232
19.56281179138322	267.7146101463563	0.2986216
19.574421768707484	273.972142529876	0.23376152
19.586031746031747	277.15554548439167	0.23056208
19.59764172335601	277.15554548439167	0.20868446
19.60925170068027	277.15554548439167	0.18122342
19.620861678004534	277.15554548439167	0.14690518
19.6324716553288	277.15554548439167	0.11979917
19.644081632653062	277.15554548439167	0.11323236
19.655691609977325	277.15554548439167	0.10082272
19.667301587301587	554.3110909687832	0.09794666
19.67891156462585	554.3110909687832	0.117163725
19.690521541950112	554.3110909687832	0.14328563
19.702131519274378	554.3110909687832	0.16329381
19.71374149659864	244.08143058602883	0.20539074
19.725351473922903	244.08143058602883	0.38858005
19.736961451247165	244.08143058602883	0.60111016
19.748571428571427	244.08143058602883	0.7067054
19.760181405895693	246.91752019753102	0.83377004
19.771791383219956	246.91752019753102	0.8776121
19.783401360544218	246.91752019753102	0.90584564
19.79501133786848	246.91752019753102	0.91440004
19.806621315192743	244.08143058602883	0.94960207
19.818231292517005	244.08143058602883	0.9571216
19.82984126984127	241.27791624208172	0.97542375
19.841451247165534	241.27791624208172	0.97787744
19.853061224489796	244.08143058602883	0.9665182
19.86467120181406	244.08143058602883	0.9376341
19.87628117913832	249.78656358296496	0.9554822
19.887891156462587	252.68894364673966	0.95772094
19.89950113378685	252.68894364673966	0.95283407
19.91111111111111	249.78656358296496	0.93398917
19.922721088435374	249.78656358296496	0.9486199
19.934331065759636	246.91752019753102	0.9726731
19.9459410430839	244.08143058602883	0.9862997
19.957551020408165	241.27791624208172	0.9832976
19.969160997732427	241.27791624208172	0.9819771
19.98077097505669	241.27791624208172	0.9696101
19.99238095238095	244.08143058602883	0.9534488
20.003990929705214	246.91752019753102	0.9524927
20.01560090702948	249.78656358296496	0.9573854
20.027210884353742	249.78656358296496	0.935884
20.038820861678005	249.78656358296496	0.92308164
20.050430839002267	249.78656358296496	0.9105567
20.06204081632653	246.91752019753102	0.9387922
20.073650793650792	244.08143058602883	0.89976114
20.085260770975058	244.08143058602883	0.91024226
20.09687074829932	244.08143058602883	0.9279064
20.108480725623583	244.08143058602883	0.9440585
20.120090702947845	244.08143058602883	0.94249004
20.131700680272107	244.08143058602883	0.9245064
20.143310657596373	246.91752019753102	0.89659286
20.154920634920636	246.91752019753102	0.90497464
20.166530612244898	246.91752019753102	0.90714663
20.17814058956916	246.91752019753102	0.9164608
20.189750566893423	246.91752019753102	0.9265006
20.201360544217685	246.91752019753102	0.9304717
20.21297052154195	246.91752019753102	0.9300451
20.224580498866214	246.91752019753102	0.92950976
20.236190476190476	246.91752019753102	0.9260102
20.24780045351474	246.91752019753102	0.91708606
20.259410430839	246.91752019753102	0.9076549
20.271020408163267	246.91752019753102	0.89898664
20.28263038548753	246.91752019753102	0.8954789
20.29424036281179	246.91752019753102	0.90335494
20.305850340136054	246.91752019753102	0.9222271
20.317460317460316	246.91752019753102	0.9320854
20.329070294784582	246.91752019753102	0.9246697
20.340680272108845	246.91752019753102	0.9134281
20.352290249433107	246.91752019753102	0.90558314
20.36390022675737	246.91752019753102	0.89502525
20.375510204081632	246.91752019753102	0.8915123
20.387120181405894	246.91752019753102	0.8929806
20.39873015873016	246.91752019753102	0.88718957
20.410340136054423	246.91752019753102	0.87963355
20.421950113378685	246.91752019753102	0.88126045
20.433560090702947	246.91752019753102	0.88752234
20.44517006802721	246.91752019753102	0.88644224
20.456780045351476	246.91752019753102	0.8736911
20.468390022675738	246.91752019753102	0.84928465
20.48	246.91752019753102	0.808785
20.491609977324263	246.91752019753102	0.7140502
20.503219954648525	246.91752019753102	0.5894743
20.514829931972788	246.91752019753102	0.4633537
20.526439909297054	246.91752019753102	0.37506315
20.538049886621316	244.08143058602883	0.32694018
20.54965986394558	244.08143058602883	0.32609895
20.56126984126984	244.08143058602883	0.31164116
20.572879818594103	244.08143058602883	0.28127939
20.58448979591837	244.08143058602883	0.2280462
20.59609977324263	244.08143058602883	0.13905929
20.607709750566894	244.08143058602883	0.049816586
20.619319727891156	307.52333228379206	0.08057145
20.63092970521542	314.71134943908174	0.190678
20.64253968253968	322.0673785310301	0.41804662
20.654149659863947	325.80962120906815	0.6279257
20.66575963718821	333.425060106719	0.8591626
20.67736961451247	341.2185014506716	0.8836009
20.688979591836734	353.2515459175985	0.91357875
20.700589569160996	365.7089347812315	0.96639574
20.712199546485262	378.6056325144029	0.9720585
20.723809523809525	387.45511967816526	0.9829087
20.735419501133787	396.5114537991202	0.98621583
20.74702947845805	401.11869496556756	0.9837699
20.758639455782312	405.779469695705	0.969455
20.770249433106574	405.779469695705	0.9617024
20.78185941043084	405.779469695705	0.9491768
20.793469387755103	410.49440001958	0.9298941
20.805079365079365	410.49440001958	0.9475177
20.816689342403627	410.49440001958	0.9562421
20.82829931972789	415.264115194881	0.9579676
20.839909297052156	415.264115194881	0.957655
20.851519274376418	415.264115194881	0.91223645
20.86312925170068	415.264115194881	0.8848812
20.874739229024943	415.264115194881	0.9086266
20.886349206349205	415.264115194881	0.92068684
20.897959183673468	415.264115194881	0.92294455
20.909569160997734	415.264115194881	0.936552
20.921179138321996	415.264115194881	0.9452057
20.93278911564626	420.0892517909185	0.9592291
20.94439909297052	424.9704537735825	0.9625221
20.956009070294783	429.90837259128557	0.97139174
20.96761904761905	434.9036672619066	0.9770383
20.97922902494331	439.95700446074346	0.97533983
20.990839002267574	439.95700446074346	0.9619325
21.002448979591836	439.95700446074346	0.9612227
21.0140589569161	439.95700446074346	0.97388625
21.02566893424036	439.95700446074346	0.9738401
21.037278911564627	434.9036672619066	0.9898664
21.04888888888889	434.9036672619066	0.9888044
21.060498866213152	429.90837259128557	0.9926272
21.072108843537414	424.9704537735825	0.9872717
21.083718820861677	424.9704537735825	0.9914937
21.095328798185943	424.9704537735825	0.9856932
21.106938775510205	420.0892517909185	0.9863842
21.118548752834467	420.0892517909185	0.9833906
21.13015873015873	420.0892517909185	0.9758184
21.141768707482992	420.0892517909185	0.9689067
21.153378684807254	420.0892517909185	0.9658133
21.16498866213152	415.264115194881	0.9780482
21.176598639455783	415.264115194881	0.98650104
21.188208616780045	415.264115194881	0.98499006
21.199818594104308	410.49440001958	0.9907578
21.21142857142857	401.11869496556756	0.9861379
21.223038548752836	387.45511967816526	0.98725057
21.2346485260771	374.2569759250636	0.951872
21.24625850340136	365.7089347812315	0.98214906
21.257868480725623	365.7089347812315	0.96460694
21.269478458049885	369.95826791680173	0.9786395
21.28108843537415	374.2569759250636	0.9863463
21.292698412698414	378.6056325144029	0.98128945
21.304308390022676	378.6056325144029	0.97712255
21.31591836734694	374.2569759250636	0.9828597
21.3275283446712	369.95826791680173	0.9872114
21.339138321995463	361.50840939957027	0.9908694
21.35074829931973	357.3561311669499	0.9881413
21.36235827664399	353.2515459175985	0.9822466
21.373968253968254	353.2515459175985	0.973341
21.385578231292516	353.2515459175985	0.98770565
21.39718820861678	357.3561311669499	0.98311836
21.408798185941045	365.7089347812315	0.98540753
21.420408163265307	369.95826791680173	0.98576736
21.43201814058957	369.95826791680173	0.9745489
21.443628117913832	374.2569759250636	0.94709694
21.455238095238094	369.95826791680173	0.9341888
21.466848072562357	369.95826791680173	0.96366274
21.478458049886623	365.7089347812315	0.95656496
21.490068027210885	365.7089347812315	0.95403725
21.501678004535147	365.7089347812315	0.95314586
21.51328798185941	365.7089347812315	0.9595821
21.524897959183672	369.95826791680173	0.95939124
21.536507936507938	374.2569759250636	0.961166
21.5481179138322	378.6056325144029	0.95620525
21.559727891156463	378.6056325144029	0.9565174
21.571337868480725	374.2569759250636	0.96633285
21.582947845804988	369.95826791680173	0.9678035
21.59455782312925	365.7089347812315	0.97605973
21.606167800453516	361.50840939957027	0.97288865
21.61777777777778	357.3561311669499	0.9526743
21.62938775510204	357.3561311669499	0.9275121
21.640997732426303	357.3561311669499	0.9042864
21.652607709750566	365.7089347812315	0.91879654
21.66421768707483	374.2569759250636	0.85837
21.675827664399094	374.2569759250636	0.86345655
21.687437641723356	378.6056325144029	0.84637064
21.69904761904762	374.2569759250636	0.8537653
21.71065759637188	369.95826791680173	0.8599159
21.722267573696143	365.7089347812315	0.8538454
21.73387755102041	365.7089347812315	0.84587157
21.745487528344672	365.7089347812315	0.7818168
21.757097505668934	365.7089347812315	0.6143412
21.768707482993197	365.7089347812315	0.3838548
21.78031746031746	365.7089347812315	0.22719395
21.791927437641725	369.95826791680173	0.17423952
21.803537414965987	369.95826791680173	0.15393803
21.81514739229025	369.95826791680173	0.08585742
21.826757369614512	184.97913395840087	0.05566519
21.838367346938774	93.5642439812659	0.06319531
21.849977324263037	93.5642439812659	0.09194655
21.861587301587303	93.5642439812659	0.12031326
21.873197278911565	93.5642439812659	0.13132791
21.884807256235828	93.5642439812659	0.121975325
21.89641723356009	93.5642439812659	0.10288212
21.908027210884352	93.5642439812659	0.09454451
21.91963718820862	93.5642439812659	0.09697095
21.93124716553288	93.5642439812659	0.10538879
21.942857142857143	93.5642439812659	0.11990534
21.954467120181405	93.5642439812659	0.13399594
21.966077097505668	93.5642439812659	0.14282715
21.97768707482993	93.5642439812659	0.14340536
21.989297052154196	93.5642439812659	0.12506953
22.00090702947846	93.5642439812659	0.09961019
22.01251700680272	93.5642439812659	0.08287668
22.024126984126983	93.5642439812659	0.07513557
22.035736961451246	93.5642439812659	0.08258369
22.04734693877551	93.5642439812659	0.10875309
22.058956916099774	93.5642439812659	0.14185485
22.070566893424036	93.5642439812659	0.16455856
22.0821768707483	93.5642439812659	0.163882
22.09378684807256	94.65140812860074	0.14288428
22.105396825396827	94.65140812860074	0.12052365
22.11700680272109	93.5642439812659	0.10844359
22.128616780045352	93.5642439812659	0.13677397
22.140226757369614	93.5642439812659	0.17472728
22.151836734693877	93.5642439812659	0.21180306
22.16344671201814	93.5642439812659	0.24044482
22.175056689342405	93.5642439812659	0.24816875
22.186666666666667	93.5642439812659	0.2547543
22.19827664399093	93.5642439812659	0.27369863
22.209886621315192	93.5642439812659	0.28621823
22.221496598639455	93.5642439812659	0.2691477
22.23310657596372	92.48956697920043	0.24082807
22.244716553287983	92.48956697920043	0.22334284
22.256326530612245	92.48956697920043	0.2098378
22.267936507936508	92.48956697920043	0.18186721
22.27954648526077	92.48956697920043	0.14679943
22.291156462585032	92.48956697920043	0.12643117
22.3027664399093	493.83504039506204	0.12741803
22.31437641723356	493.83504039506204	0.18442272
22.325986394557823	493.83504039506204	0.22460933
22.337596371882086	499.5731271659299	0.26729023
22.349206349206348	493.83504039506204	0.26805937
22.360816326530614	493.83504039506204	0.24172679
22.372426303854876	493.83504039506204	0.18138686
22.38403628117914	92.48956697920043	0.16005768
22.3956462585034	92.48956697920043	0.13385642
22.407256235827663	92.48956697920043	0.0722445
22.418866213151926	499.5731271659299	0.07930063
22.430476190476192	488.16286117205766	0.07506433
22.442086167800454	482.55583248416343	0.3520262
22.453696145124717	488.16286117205766	0.8502924
22.46530612244898	499.5731271659299	0.96274257
22.47691609977324	499.5731271659299	0.97590226
22.488526077097507	499.5731271659299	0.97066027
22.50013605442177	493.83504039506204	0.9779463
22.511746031746032	493.83504039506204	0.98752
22.523356009070294	488.16286117205766	0.98086494
22.534965986394557	488.16286117205766	0.9881407
22.54657596371882	488.16286117205766	0.991034
22.558185941043085	493.83504039506204	0.9918395
22.569795918367348	493.83504039506204	0.99212193
22.58140589569161	499.5731271659299	0.9870934
22.593015873015872	499.5731271659299	0.97743636
22.604625850340135	499.5731271659299	0.9671148
22.6162358276644	493.83504039506204	0.94953895
22.627845804988663	488.16286117205766	0.91665834
22.639455782312925	482.55583248416343	0.76797247
22.651065759637188	477.0132060136591	0.334475
22.66267573696145	493.83504039506204	0.15493932
22.674285714285713	499.5731271659299	0.16994044
22.68589569160998	499.5731271659299	0.20154202
22.69750566893424	499.5731271659299	0.2223435
22.709115646258503	493.83504039506204	0.2345454
22.720725623582766	493.83504039506204	0.2178684
22.732335600907028	466.1182093310256	0.36790118
22.743945578231294	471.5342420379865	0.44851068
22.755555555555556	471.5342420379865	0.46211714
22.76716553287982	471.5342420379865	0.67940736
22.77877551020408	466.1182093310256	0.86299497
22.790385487528344	466.1182093310256	0.89494246
22.801995464852606	466.1182093310256	0.87995434
22.813605442176872	466.1182093310256	0.89901644
22.825215419501134	466.1182093310256	0.9215466
22.836825396825397	460.764385065505	0.9225815
22.84843537414966	460.764385065505	0.94259083
22.86004535147392	460.764385065505	0.9334873
22.871655328798187	466.1182093310256	0.9279337
22.88326530612245	466.1182093310256	0.92324626
22.894875283446712	466.1182093310256	0.8726231
22.906485260770975	471.5342420379865	0.7914934
22.918095238095237	466.1182093310256	0.79146516
22.929705215419503	466.1182093310256	0.90761626
22.941315192743765	466.1182093310256	0.9660909
22.952925170068028	460.764385065505	0.97923744
22.96453514739229	455.4720547165321	0.9503879
22.976145124716552	439.95700446074346	0.81132483
22.987755102040815	429.90837259128557	0.8757873
22.99936507936508	420.0892517909185	0.7712084
23.010975056689343	410.49440001958	0.60165673
23.022585034013606	405.779469695705	0.552973
23.034195011337868	405.779469695705	0.6001312
23.04580498866213	410.49440001958	0.67519706
23.057414965986396	415.264115194881	0.8204051
23.06902494331066	420.0892517909185	0.908644
23.08063492063492	420.0892517909185	0.94239336
23.092244897959183	420.0892517909185	0.947298
23.103854875283446	420.0892517909185	0.9476201
23.11546485260771	420.0892517909185	0.9341942
23.127074829931974	415.264115194881	0.93474966
23.138684807256237	415.264115194881	0.9381203
23.1502947845805	415.264115194881	0.9366112
23.16190476190476	415.264115194881	0.9091237
23.173514739229024	415.264115194881	0.8084923
23.18512471655329	415.264115194881	0.7413296
23.196734693877552	415.264115194881	0.80807143
23.208344671201814	415.264115194881	0.6768694
23.219954648526077	410.49440001958	0.5422088
23.23156462585034	405.779469695705	0.5444889
23.2431746031746	405.779469695705	0.1799696
23.254784580498868	391.95713131094	0.062696956
23.26639455782313	345.18326945818916	0.036386397
23.278004535147392	297.0479586449415	0.056013927
23.289614512471655	290.2633738929482	0.2234837
23.301224489795917	290.2633738929482	0.6922398
23.312834467120183	290.2633738929482	0.89392346
23.324444444444445	293.63607183773195	0.8978336
23.336054421768708	300.4994896672244	0.8681153
23.34766439909297	303.9911255481709	0.8913512
23.359274376417233	307.52333228379206	0.8802737
23.370884353741495	311.0965812847119	0.86097777
23.38249433106576	314.71134943908174	0.776788
23.394104308390023	314.71134943908174	0.66986525
23.405714285714286	311.0965812847119	0.63073593
23.417324263038548	311.0965812847119	0.77849567
23.42893424036281	311.0965812847119	0.8317591
23.440544217687076	311.0965812847119	0.86045617
23.45215419501134	311.0965812847119	0.8513352
23.4637641723356	311.0965812847119	0.78960717
23.475374149659864	311.0965812847119	0.6898561
23.486984126984126	311.0965812847119	0.5399761
23.49859410430839	307.52333228379206	0.38122055
23.510204081632654	303.9911255481709	0.35716072
23.521814058956917	300.4994896672244	0.22519623
23.53342403628118	297.0479586449415	0.11128063
23.54503401360544	280.3759377994943	0.07320602
23.556643990929704	629.4226988781635	0.08215228
23.56825396825397	629.4226988781635	0.081810385
23.579863945578232	629.4226988781635	0.05148742
23.591473922902495	629.4226988781635	0.026071483
23.603083900226757	420.0892517909185	0.015039224
23.61469387755102	184.97913395840087	0.029659748
23.62630385487528	184.97913395840087	0.040054582
23.637913832199548	369.95826791680173	0.052715138
23.64952380952381	365.7089347812315	0.08105665
23.661133786848072	365.7089347812315	0.22081828
23.672743764172335	369.95826791680173	0.60609037
23.684353741496597	374.2569759250636	0.8159629
23.695963718820863	378.6056325144029	0.8494266
23.707573696145126	378.6056325144029	0.8599632
23.719183673469388	374.2569759250636	0.83691925
23.73079365079365	365.7089347812315	0.9311204
23.742403628117913	357.3561311669499	0.9654837
23.754013605442175	353.2515459175985	0.9513909
23.76562358276644	357.3561311669499	0.964282
23.777233560090703	361.50840939957027	0.9693285
23.788843537414966	369.95826791680173	0.916309
23.800453514739228	378.6056325144029	0.9312774
23.81206349206349	378.6056325144029	0.8735808
23.823673469387757	378.6056325144029	0.79891354
23.83528344671202	374.2569759250636	0.7385523
23.84689342403628	365.7089347812315	0.8488392
23.858503401360544	361.50840939957027	0.91511494
23.870113378684806	361.50840939957027	0.92917216
23.881723356009072	361.50840939957027	0.91019654
23.893333333333334	365.7089347812315	0.8799214
23.904943310657597	374.2569759250636	0.85786384
23.91655328798186	378.6056325144029	0.87428063
23.92816326530612	378.6056325144029	0.831062
23.939773242630384	378.6056325144029	0.78134125
23.95138321995465	374.2569759250636	0.8207676
23.962993197278912	369.95826791680173	0.8607554
23.974603174603175	365.7089347812315	0.8811378
23.986213151927437	365.7089347812315	0.93161625
23.9978231292517	365.7089347812315	0.943534
24.009433106575965	369.95826791680173	0.9454491
24.021043083900228	369.95826791680173	0.959435
24.03265306122449	369.95826791680173	0.96449196
24.044263038548753	374.2569759250636	0.9609132
24.055873015873015	378.6056325144029	0.949757
24.067482993197277	387.45511967816526	0.9649258
24.079092970521543	396.5114537991202	0.90417486
24.090702947845806	401.11869496556756	0.7698104
24.102312925170068	405.779469695705	0.18976386
24.11392290249433	46.244783489600216	0.050987843
24.125532879818593	46.244783489600216	0.046744224
24.13714285714286	45.71361684765394	0.04944736
24.14875283446712	45.71361684765394	0.048839435
24.160362811791384	45.71361684765394	0.04411774
24.171972789115646	45.71361684765394	0.039863862
24.18358276643991	311.0965812847119	0.07568383
24.19519274376417	311.0965812847119	0.13392502
24.206802721088437	311.0965812847119	0.1150388
24.2184126984127	311.0965812847119	0.09628383
24.23002267573696	314.71134943908174	0.13897315
24.241632653061224	318.36811917622657	0.28877684
24.253242630385486	314.71134943908174	0.48241287
24.264852607709752	314.71134943908174	0.60986644
24.276462585034015	311.0965812847119	0.7767652
24.288072562358277	311.0965812847119	0.8100263
24.29968253968254	311.0965812847119	0.7871331
24.3112925170068	311.0965812847119	0.7583494
24.322902494331064	314.71134943908174	0.76716393
24.33451247165533	314.71134943908174	0.8048274
24.346122448979592	314.71134943908174	0.813646
24.357732426303855	314.71134943908174	0.82412285
24.369342403628117	314.71134943908174	0.8382514
24.38095238095238	311.0965812847119	0.8501336
24.392562358276646	311.0965812847119	0.86161345
24.404172335600908	311.0965812847119	0.786853
24.41578231292517	307.52333228379206	0.80838585
24.427392290249433	307.52333228379206	0.8501128
24.439002267573695	307.52333228379206	0.8619544
24.450612244897957	311.0965812847119	0.8208008
24.462222222222223	311.0965812847119	0.77585983
24.473832199546486	307.52333228379206	0.77920735
24.485442176870748	307.52333228379206	0.76399523
24.49705215419501	303.9911255481709	0.73340005
24.508662131519273	303.9911255481709	0.7575274
24.52027210884354	303.9911255481709	0.7524028
24.5318820861678	303.9911255481709	0.74203163
24.543492063492064	303.9911255481709	0.7717119
24.555102040816326	307.52333228379206	0.84297174
24.56671201814059	311.0965812847119	0.88431346
24.57832199546485	311.0965812847119	0.92000115
24.589931972789117	311.0965812847119	0.9134135
24.60154195011338	311.0965812847119	0.908998
24.61315192743764	311.0965812847119	0.9140798
24.624761904761904	311.0965812847119	0.9218536
24.636371882086166	311.0965812847119	0.930252
24.647981859410432	311.0965812847119	0.92921764
24.659591836734695	311.0965812847119	0.91378886
24.671201814058957	311.0965812847119	0.8858279
24.68281179138322	311.0965812847119	0.89487743
24.694421768707482	311.0965812847119	0.9222418
24.706031746031748	311.0965812847119	0.79770905
24.71764172335601	307.52333228379206	0.34092987
24.729251700680273	290.2633738929482	0.12416118
24.740861678004535	311.0965812847119	0.13033307
24.752471655328797	311.0965812847119	0.16725647
24.76408163265306	311.0965812847119	0.19451958
24.775691609977326	311.0965812847119	0.19616823
24.787301587301588	311.0965812847119	0.1465813
24.79891156462585	311.0965812847119	0.07704122
24.810521541950113	311.0965812847119	0.043341454
24.822131519274375	311.0965812847119	0.038311344
24.83374149659864	280.3759377994943	0.1758008
24.845351473922904	283.63374927085107	0.646345
24.856961451247166	283.63374927085107	0.86625534
24.86857142857143	283.63374927085107	0.9125693
24.88018140589569	280.3759377994943	0.93935895
24.891791383219953	280.3759377994943	0.9483294
24.90340136054422	277.15554548439167	0.9334416
24.91501133786848	277.15554548439167	0.9366982
24.926621315192744	273.972142529876	0.9336924
24.938231292517006	273.972142529876	0.9427177
24.94984126984127	273.972142529876	0.9482574
24.961451247165535	273.972142529876	0.94232315
24.973061224489797	277.15554548439167	0.9327071
24.98467120181406	277.15554548439167	0.9235952
24.99628117913832	280.3759377994943	0.87895983
25.007891156462584	280.3759377994943	0.8849636
25.019501133786846	280.3759377994943	0.8679269
25.031111111111112	280.3759377994943	0.8473171
25.042721088435375	277.15554548439167	0.83513474
25.054331065759637	277.15554548439167	0.8700595
25.0659410430839	277.15554548439167	0.8373401
25.077551020408162	277.15554548439167	0.77529734
25.089160997732428	277.15554548439167	0.721417
25.10077097505669	277.15554548439167	0.68281144
25.112380952380953	277.15554548439167	0.6541827
25.123990929705215	277.15554548439167	0.6208929
25.135600907029477	277.15554548439167	0.56483996
25.14721088435374	277.15554548439167	0.5034397
25.158820861678006	273.972142529876	0.52347136
25.170430839002268	270.82530407690433	0.4302792
25.18204081632653	267.7146101463563	0.31883836
25.193650793650793	261.6	0.17505087
25.205260770975055	255.62504774239878	0.11209621
25.21687074829932	629.4226988781635	0.071019
25.228480725623584	629.4226988781635	0.07622241
25.240090702947846	629.4226988781635	0.061092682
25.25170068027211	244.08143058602883	0.047410022
25.26331065759637	258.59526772431764	0.07097183
25.274920634920633	261.6	0.120987736
25.2865306122449	267.7146101463563	0.20575671
25.29814058956916	270.82530407690433	0.34735614
25.309750566893424	270.82530407690433	0.48492712
25.321360544217686	270.82530407690433	0.52798736
25.33297052154195	273.972142529876	0.6639918
25.344580498866215	273.972142529876	0.80684143
25.356190476190477	273.972142529876	0.8785809
25.36780045351474	273.972142529876	0.9179032
25.379410430839002	273.972142529876	0.9405318
25.391020408163264	273.972142529876	0.93577564
25.402630385487527	273.972142529876	0.85272664
25.414240362811793	277.15554548439167	0.83518094
25.425850340136055	277.15554548439167	0.77875125
25.437460317460317	280.3759377994943	0.7644748
25.44907029478458	280.3759377994943	0.7719574
25.460680272108842	280.3759377994943	0.7689248
25.472290249433108	280.3759377994943	0.8005821
25.48390022675737	280.3759377994943	0.8257186
25.495510204081633	280.3759377994943	0.84939915
25.507120181405895	277.15554548439167	0.87293524
25.518730158730158	277.15554548439167	0.9062803
25.530340136054424	277.15554548439167	0.9309685
25.541950113378686	277.15554548439167	0.9450474
25.55356009070295	277.15554548439167	0.9508415
25.56517006802721	273.972142529876	0.93244416
25.576780045351473	273.972142529876	0.9352611
25.588390022675735	273.972142529876	0.90092236
25.6	273.972142529876	0.87092584
25.611609977324264	273.972142529876	0.84352654
25.623219954648526	273.972142529876	0.789902
25.63482993197279	273.972142529876	0.69330585
25.64643990929705	270.82530407690433	0.5172038
25.658049886621317	264.63964558298295	0.3747515
25.66965986394558	258.59526772431764	0.3577668
25.68126984126984	255.62504774239878	0.21579167
25.692879818594104	277.15554548439167	0.375065
25.704489795918366	283.63374927085107	0.60756457
25.71609977324263	290.2633738929482	0.70895654
25.727709750566895	300.4994896672244	0.48361802
25.739319727891157	311.0965812847119	0.34142864
25.75092970521542	329.59534665249885	0.84294116
25.762539682539682	341.2185014506716	0.9489293
25.774149659863944	349.194105850881	0.97075045
25.78575963718821	357.3561311669499	0.9733204
25.797369614512473	365.7089347812315	0.9787608
25.808979591836735	369.95826791680173	0.9662624
25.820589569160997	369.95826791680173	0.9314673
25.83219954648526	374.2569759250636	0.871674
25.843809523809522	374.2569759250636	0.8556474
25.855419501133788	374.2569759250636	0.79146326
25.86702947845805	374.2569759250636	0.7455285
25.878639455782313	369.95826791680173	0.7861755
25.890249433106575	369.95826791680173	0.8278207
25.901859410430838	369.95826791680173	0.8512715
25.913469387755104	369.95826791680173	0.87035656
25.925079365079366	369.95826791680173	0.8893469
25.93668934240363	369.95826791680173	0.9061703
25.94829931972789	369.95826791680173	0.9166297
25.959909297052153	369.95826791680173	0.9210765
25.971519274376416	369.95826791680173	0.9236136
25.98312925170068	369.95826791680173	0.9221578
25.994739229024944	369.95826791680173	0.913964
26.006349206349206	369.95826791680173	0.9071731
26.01795918367347	369.95826791680173	0.8908787
26.02956916099773	369.95826791680173	0.83058584
26.041179138321997	369.95826791680173	0.7761034
26.05278911564626	369.95826791680173	0.7840324
26.064399092970522	369.95826791680173	0.7682436
26.076009070294784	369.95826791680173	0.7840772
26.087619047619047	369.95826791680173	0.7663947
26.09922902494331	365.7089347812315	0.68592316
26.110839002267575	365.7089347812315	0.29974347
26.122448979591837	369.95826791680173	0.18789081
26.1340589569161	369.95826791680173	0.19675353
26.145668934240362	314.71134943908174	0.17016426
26.157278911564624	314.71134943908174	0.21085767
26.16888888888889	314.71134943908174	0.2685266
26.180498866213153	314.71134943908174	0.26086384
26.192108843537415	314.71134943908174	0.16578822
26.203718820861678	314.71134943908174	0.08471718
26.21532879818594	629.4226988781635	0.0695932
26.226938775510202	629.4226988781635	0.05995899
26.23854875283447	622.1931625694237	0.05201386
26.25015873015873	124.89328179148251	0.057246607
26.261768707482993	124.89328179148251	0.07427398
26.273378684807255	629.4226988781635	0.092146665
26.284988662131518	353.2515459175985	0.18169814
26.296598639455784	357.3561311669499	0.36842227
26.308208616780046	365.7089347812315	0.68369555
26.31981859410431	369.95826791680173	0.86661714
26.33142857142857	369.95826791680173	0.83445024
26.343038548752833	374.2569759250636	0.7618787
26.354648526077096	369.95826791680173	0.80904794
26.36625850340136	369.95826791680173	0.8987498
26.377868480725624	369.95826791680173	0.9202631
26.389478458049886	369.95826791680173	0.9023031
26.40108843537415	365.7089347812315	0.95046014
26.41269841269841	365.7089347812315	0.9646955
26.424308390022677	365.7089347812315	0.96516645
26.43591836734694	365.7089347812315	0.95949054
26.447528344671202	365.7089347812315	0.9478486
26.459138321995464	365.7089347812315	0.91682583
26.470748299319727	369.95826791680173	0.9205879
26.482358276643993	369.95826791680173	0.9307899
26.493968253968255	369.95826791680173	0.9401316
26.505578231292517	369.95826791680173	0.9503881
26.51718820861678	369.95826791680173	0.96110684
26.528798185941042	369.95826791680173	0.9662769
26.540408163265305	369.95826791680173	0.96501166
26.55201814058957	369.95826791680173	0.961346
26.563628117913833	369.95826791680173	0.95556056
26.575238095238095	369.95826791680173	0.94620675
26.586848072562358	369.95826791680173	0.9301567
26.59845804988662	374.2569759250636	0.93355346
26.610068027210886	374.2569759250636	0.93303436
26.62167800453515	374.2569759250636	0.9382945
26.63328798185941	369.95826791680173	0.9547162
26.644897959183673	369.95826791680173	0.95029914
26.656507936507936	365.7089347812315	0.95717174
26.668117913832198	365.7089347812315	0.9728064
26.679727891156464	365.7089347812315	0.9767696
26.691337868480726	365.7089347812315	0.9783464
26.70294784580499	369.95826791680173	0.96425205
26.71455782312925	369.95826791680173	0.9801515
26.726167800453513	374.2569759250636	0.99156016
26.73777777777778	374.2569759250636	0.9883659
26.749387755102042	374.2569759250636	0.98301387
26.760997732426304	374.2569759250636	0.9889887
26.772607709750567	369.95826791680173	0.98954165
26.78421768707483	365.7089347812315	0.99281126
26.79582766439909	361.50840939957027	0.9908742
26.807437641723357	357.3561311669499	0.9791301
26.81904761904762	353.2515459175985	0.9615979
26.830657596371882	353.2515459175985	0.9745171
26.842267573696144	357.3561311669499	0.9844111
26.853877551020407	365.7089347812315	0.9872879
26.865487528344673	369.95826791680173	0.9926432
26.877097505668935	374.2569759250636	0.9942464
26.888707482993198	378.6056325144029	0.9902598
26.90031746031746	378.6056325144029	0.9843444
26.911927437641722	374.2569759250636	0.9845798
26.923537414965985	369.95826791680173	0.9826378
26.93514739229025	365.7089347812315	0.9756232
26.946757369614513	361.50840939957027	0.9389374
26.958367346938775	361.50840939957027	0.9204451
26.969977324263038	361.50840939957027	0.923761
26.9815873015873	369.95826791680173	0.9529583
26.993197278911566	374.2569759250636	0.9614989
27.00480725623583	378.6056325144029	0.9375686
27.01641723356009	378.6056325144029	0.90364957
27.028027210884353	378.6056325144029	0.9261377
27.039637188208616	369.95826791680173	0.9115199
27.051247165532878	361.50840939957027	0.90199214
27.062857142857144	357.3561311669499	0.91956604
27.074467120181406	357.3561311669499	0.8846369
27.08607709750567	357.3561311669499	0.8026865
27.09768707482993	361.50840939957027	0.7953462
27.109297052154194	365.7089347812315	0.75268173
27.12090702947846	365.7089347812315	0.7425471
27.132517006802722	365.7089347812315	0.6300038
27.144126984126984	365.7089347812315	0.4491707
27.155736961451247	369.95826791680173	0.3532325
27.16734693877551	369.95826791680173	0.29507616
27.17895691609977	369.95826791680173	0.2393561
27.190566893424037	369.95826791680173	0.18664777
27.2021768707483	369.95826791680173	0.12857845
27.213786848072562	369.95826791680173	0.07747045
27.225396825396825	629.4226988781635	0.102659576
27.237006802721087	629.4226988781635	0.18608275
27.248616780045353	629.4226988781635	0.35607898
27.260226757369615	629.4226988781635	0.46784836
27.271836734693878	629.4226988781635	0.45150253
27.28344671201814	629.4226988781635	0.37663648
27.295056689342402	629.4226988781635	0.27636263
27.30666666666667	629.4226988781635	0.19831002
27.31827664399093	629.4226988781635	0.16581939
27.329886621315193	629.4226988781635	0.15486088
27.341496598639456	629.4226988781635	0.15736008
27.353106575963718	629.4226988781635	0.17846546
27.36471655328798	629.4226988781635	0.21846703
27.376326530612246	629.4226988781635	0.23968077
27.38793650793651	629.4226988781635	0.211139
27.39954648526077	629.4226988781635	0.15248102
27.411156462585033	629.4226988781635	0.09946614
27.422766439909296	622.1931625694237	0.064358234
27.434376417233562	622.1931625694237	0.040071968
27.445986394557824	622.1931625694237	0.02668828
27.457596371882087	622.1931625694237	0.02131268
27.46920634920635	629.4226988781635	0.021881197
27.48081632653061	629.4226988781635	0.020614715
27.492426303854874	629.4226988781635	0.019287376
27.50403628117914	187.1284879625318	0.017746188
27.515646258503402	187.1284879625318	0.020549025
27.527256235827664	187.1284879625318	0.022261824
27.538866213151927	187.1284879625318	0.022705417
27.55047619047619	187.1284879625318	0.025697686
27.562086167800455	187.1284879625318	0.032931797
27.573696145124718	187.1284879625318	0.039379697
27.58530612244898	629.4226988781635	0.041561138
27.596916099773242	629.4226988781635	0.053238407
27.608526077097505	629.4226988781635	0.076687716
27.620136054421767	629.4226988781635	0.1065768
27.631746031746033	629.4226988781635	0.13965197
27.643356009070295	629.4226988781635	0.18846795
27.654965986394558	629.4226988781635	0.26151326
27.66657596371882	629.4226988781635	0.3475983
27.678185941043083	629.4226988781635	0.41788074
27.68979591836735	629.4226988781635	0.42617118
27.70140589569161	629.4226988781635	0.35263735
27.713015873015873	629.4226988781635	0.24582832
27.724625850340136	622.1931625694237	0.17723297
27.736235827664398	622.1931625694237	0.15102102
27.74784580498866	622.1931625694237	0.13269725
27.759455782312926	622.1931625694237	0.10413913
27.77106575963719	622.1931625694237	0.06750024
27.78267573696145	629.4226988781635	0.03392069
27.794285714285714	622.1931625694237	0.014661672
27.805895691609976	280.3759377994943	0.06256485
27.817505668934242	277.15554548439167	0.36936277
27.829115646258504	277.15554548439167	0.6045005
27.840725623582767	277.15554548439167	0.7591359
27.85233560090703	280.3759377994943	0.8541695
27.86394557823129	280.3759377994943	0.88221467
27.875555555555554	286.92941468811415	0.9265567
27.88716553287982	293.63607183773195	0.9668437
27.898775510204082	300.4994896672244	0.96408206
27.910385487528345	307.52333228379206	0.9539284
27.921995464852607	311.0965812847119	0.967161
27.93360544217687	314.71134943908174	0.962497
27.945215419501135	318.36811917622657	0.9300479
27.956825396825398	318.36811917622657	0.91516525
27.96843537414966	318.36811917622657	0.90600383
27.980045351473922	314.71134943908174	0.94508135
27.991655328798185	311.0965812847119	0.9637615
28.003265306122447	311.0965812847119	0.9667685
28.014875283446713	311.0965812847119	0.9457302
28.026485260770976	307.52333228379206	0.93922716
28.038095238095238	307.52333228379206	0.9429233
28.0497052154195	307.52333228379206	0.94343174
28.061315192743763	307.52333228379206	0.9133809
28.07292517006803	307.52333228379206	0.85964733
28.08453514739229	307.52333228379206	0.77340347
28.096145124716553	311.0965812847119	0.36407533
28.107755102040816	353.2515459175985	0.09226449
28.11936507936508	361.50840939957027	0.3850259
28.130975056689344	374.2569759250636	0.7404445
28.142585034013607	378.6056325144029	0.9496188
28.15419501133787	378.6056325144029	0.9736259
28.16580498866213	378.6056325144029	0.9782286
28.177414965986394	378.6056325144029	0.9806176
28.189024943310656	374.2569759250636	0.98326796
28.200634920634922	369.95826791680173	0.9831161
28.212244897959184	365.7089347812315	0.97649777
28.223854875283447	365.7089347812315	0.9697449
28.23546485260771	369.95826791680173	0.97042334
28.24707482993197	369.95826791680173	0.9565389
28.258684807256238	374.2569759250636	0.85941094
28.2702947845805	374.2569759250636	0.8442471
28.281904761904762	369.95826791680173	0.9327636
28.293514739229025	365.7089347812315	0.8859082
28.305124716553287	353.2515459175985	0.69104993
28.31673469387755	345.18326945818916	0.45120493
28.328344671201815	314.71134943908174	0.115390085
28.339954648526078	314.71134943908174	0.17353928
28.35156462585034	378.6056325144029	0.18134715
28.363174603174603	374.2569759250636	0.17776032
28.374784580498865	369.95826791680173	0.15693182
28.38639455782313	374.2569759250636	0.0704352
28.398004535147393	369.95826791680173	0.0554436
28.409614512471656	374.2569759250636	0.10367693
28.421224489795918	374.2569759250636	0.294516
28.43283446712018	369.95826791680173	0.7826168
28.444444444444443	365.7089347812315	0.91059965
28.45605442176871	365.7089347812315	0.9473055
28.46766439909297	365.7089347812315	0.97993886
28.479274376417234	369.95826791680173	0.9910383
28.490884353741496	378.6056325144029	0.9963098
28.50249433106576	387.45511967816526	0.99753064
28.514104308390024	396.5114537991202	0.9946741
28.525714285714287	405.779469695705	0.9920101
28.53732426303855	415.264115194881	0.97690207
28.54893424036281	415.264115194881	0.91063404
28.560544217687074	420.0892517909185	0.81368303
28.572154195011336	415.264115194881	0.8322103
28.583764172335602	415.264115194881	0.87119776
28.595374149659865	415.264115194881	0.8682836
28.606984126984127	415.264115194881	0.8607414
28.61859410430839	415.264115194881	0.84969753
28.63020408163265	415.264115194881	0.8223391
28.641814058956918	415.264115194881	0.81326264
28.65342403628118	415.264115194881	0.82890415
28.665034013605442	415.264115194881	0.80257386
28.676643990929705	410.49440001958	0.61805964
28.688253968253967	405.779469695705	0.24800141
28.69986394557823	420.0892517909185	0.07887322
28.711473922902496	420.0892517909185	0.06851093
28.723083900226758	424.9704537735825	0.07221734
28.73469387755102	420.0892517909185	0.18743227
28.746303854875283	415.264115194881	0.46562207
28.757913832199545	415.264115194881	0.60239094
28.76952380952381	415.264115194881	0.58781964
28.781133786848073	410.49440001958	0.57382643
28.792743764172336	410.49440001958	0.6531237
28.804353741496598	410.49440001958	0.7177224
28.81596371882086	410.49440001958	0.7429193
28.827573696145123	410.49440001958	0.7026843
28.83918367346939	410.49440001958	0.583143
28.85079365079365	415.264115194881	0.5383392
28.862403628117914	415.264115194881	0.49256265
28.874013605442176	415.264115194881	0.4497104
28.88562358276644	415.264115194881	0.468302
28.897233560090704	415.264115194881	0.53025484
28.908843537414967	415.264115194881	0.46626928
28.92045351473923	415.264115194881	0.3895927
28.93206349206349	410.49440001958	0.2638822
28.943673469387754	405.779469695705	0.07888028
28.955283446712016	396.5114537991202	0.06942862
28.966893424036282	396.5114537991202	0.024497127
28.978503401360545	410.49440001958	0.017846523
28.990113378684807	415.264115194881	0.016855981
29.00172335600907	415.264115194881	0.02002856
29.013333333333332	415.264115194881	0.027505618
29.024943310657598	415.264115194881	0.04302127
29.03655328798186	415.264115194881	0.06992869
29.048163265306123	420.0892517909185	0.21768884
29.059773242630385	415.264115194881	0.5173727
29.071383219954647	415.264115194881	0.6927247
29.082993197278913	415.264115194881	0.78897196
29.094603174603176	415.264115194881	0.86503416
29.106213151927438	415.264115194881	0.89190567
29.1178231292517	410.49440001958	0.9115375
29.129433106575963	410.49440001958	0.9273552
29.141043083900225	415.264115194881	0.9104453
29.15265306122449	415.264115194881	0.89469945
29.164263038548754	415.264115194881	0.83855206
29.175873015873016	420.0892517909185	0.66343355
29.18748299319728	420.0892517909185	0.5455172
29.19909297052154	415.264115194881	0.4814233
29.210702947845807	410.49440001958	0.40412116
29.22231292517007	405.779469695705	0.27885798
29.23392290249433	396.5114537991202	0.17230508
29.245532879818594	391.95713131094	0.09709136
29.257142857142856	396.5114537991202	0.06422243
29.26875283446712	401.11869496556756	0.05127344
29.280362811791385	410.49440001958	0.055004768
29.291972789115647	410.49440001958	0.04950356
29.30358276643991	415.264115194881	0.034933627
29.31519274376417	622.1931625694237	0.02552934
29.326802721088434	622.1931625694237	0.025262648
29.3384126984127	401.11869496556756	0.029710967
29.350022675736962	405.779469695705	0.065702796
29.361632653061225	415.264115194881	0.31064966
29.373242630385487	415.264115194881	0.4089164
29.38485260770975	420.0892517909185	0.3040187
29.396462585034012	415.264115194881	0.46634892
29.408072562358278	410.49440001958	0.7500729
29.41968253968254	405.779469695705	0.89753675
29.431292517006803	405.779469695705	0.90346575
29.442902494331065	405.779469695705	0.90986836
29.454512471655327	410.49440001958	0.81598395
29.466122448979593	415.264115194881	0.73912865
29.477732426303856	415.264115194881	0.6494261
29.489342403628118	420.0892517909185	0.5544698
29.50095238095238	420.0892517909185	0.4717764
29.512562358276643	415.264115194881	0.5833111
29.524172335600905	410.49440001958	0.5372083
29.53578231292517	405.779469695705	0.32422444
29.547392290249434	396.5114537991202	0.085879005
29.559002267573696	405.779469695705	0.050295204
29.57061224489796	405.779469695705	0.04051289
29.58222222222222	415.264115194881	0.028941689
29.593832199546487	415.264115194881	0.026283903
29.60544217687075	410.49440001958	0.02885531
29.61705215419501	396.5114537991202	0.04202059
29.628662131519274	396.5114537991202	0.20093101
29.640272108843536	401.11869496556756	0.36140907
29.6518820861678	405.779469695705	0.59480464
29.663492063492065	410.49440001958	0.63732004
29.675102040816327	410.49440001958	0.5692435
29.68671201814059	415.264115194881	0.62624866
29.698321995464852	415.264115194881	0.6483572
29.709931972789114	415.264115194881	0.6169234
29.72154195011338	415.264115194881	0.54610825
29.733151927437643	415.264115194881	0.41859117
29.744761904761905	415.264115194881	0.28124613
29.756371882086167	415.264115194881	0.22198789
29.76798185941043	415.264115194881	0.21142717
29.779591836734692	415.264115194881	0.20606723
29.791201814058958	415.264115194881	0.1773368
29.80281179138322	415.264115194881	0.15662259
29.814421768707483	415.264115194881	0.09070099
29.826031746031745	401.11869496556756	0.060117792
29.837641723356008	387.45511967816526	0.047782455
29.849251700680274	840.1785035818373	0.031364083
29.860861678004536	840.1785035818373	0.023558028
29.8724716553288	410.49440001958	0.026636887
29.88408163265306	415.264115194881	0.0321116
29.895691609977323	415.264115194881	0.01727724
29.90730158730159	460.764385065505	0.016048856
29.91891156462585	466.1182093310256	0.022069613
29.930521541950114	482.55583248416343	0.051608715
29.942131519274376	401.11869496556756	0.12349749
29.95374149659864	405.779469695705	0.29662684
29.9653514739229	405.779469695705	0.3703638
29.976961451247167	410.49440001958	0.57068
29.98857142857143	415.264115194881	0.56207746
30.00018140589569	415.264115194881	0.3110366
